Date,Open,High,Low,Close,Adj Close,Volume
2019-12-31,115.52999877929688,115.55999755859375,115.06800079345703,115.22000122070312,115.22000122070312,0
2019-12-31,115.20999908447266,115.30000305175781,114.86000061035156,114.94000244140625,114.94000244140625,35916
2019-12-31,114.93000030517578,114.99500274658203,114.62999725341797,114.62999725341797,114.62999725341797,29210
2019-12-31,114.62999725341797,114.97740173339844,114.62999725341797,114.97000122070312,114.97000122070312,24690
2019-12-31,114.98999786376953,115.11000061035156,114.75,115.04499816894531,115.04499816894531,41171
2019-12-31,115.06500244140625,115.37999725341797,115.05999755859375,115.25,115.25,121115
2020-01-02,116.1500015258789,116.70999908447266,115.70999908447266,115.9000015258789,115.9000015258789,135967
2020-01-02,115.87000274658203,116.16999816894531,115.66999816894531,115.91999816894531,115.91999816894531,52994
2020-01-02,115.91999816894531,116.22799682617188,115.69999694824219,116.19000244140625,116.19000244140625,48834
2020-01-02,116.19999694824219,116.23999786376953,115.88999938964844,115.91629791259766,115.91629791259766,51527
2020-01-02,115.91000366210938,115.94000244140625,115.61000061035156,115.87999725341797,115.87999725341797,42621
2020-01-02,115.8499984741211,116.13999938964844,115.75,116.13999938964844,116.13999938964844,76920
2020-01-02,116.12999725341797,116.86000061035156,116.08999633789062,116.86000061035156,116.86000061035156,124877
2020-01-03,115.12000274658203,115.68800354003906,114.62999725341797,114.75,114.75,82565
2020-01-03,114.76000213623047,115.0199966430664,114.6500015258789,114.8550033569336,114.8550033569336,64973
2020-01-03,114.93000030517578,115.36000061035156,114.93000030517578,115.11499786376953,115.11499786376953,50380
2020-01-03,115.1050033569336,115.16999816894531,114.93000030517578,115.0199966430664,115.0199966430664,34795
2020-01-03,115.04129791259766,115.20999908447266,114.68000030517578,115.0250015258789,115.0250015258789,51023
2020-01-03,115.0199966430664,115.76000213623047,114.94999694824219,115.72000122070312,115.72000122070312,64272
2020-01-03,115.72000122070312,115.91999816894531,115.5199966430664,115.75,115.75,116356
2020-01-06,114.69999694824219,115.08499908447266,114.51000213623047,114.97000122070312,114.97000122070312,63358
2020-01-06,114.97000122070312,115.7300033569336,114.9000015258789,115.30000305175781,115.30000305175781,75409
2020-01-06,115.33000183105469,115.41000366210938,115.06289672851562,115.29000091552734,115.29000091552734,38862
2020-01-06,115.29000091552734,115.55000305175781,115.2699966430664,115.5199966430664,115.5199966430664,40899
2020-01-06,115.51000213623047,115.51000213623047,115.16000366210938,115.25,115.25,32048
2020-01-06,115.2699966430664,115.58999633789062,115.12999725341797,115.38500213623047,115.38500213623047,50729
2020-01-06,115.38999938964844,115.8499984741211,115.36499786376953,115.81999969482422,115.81999969482422,131423
2020-01-07,116.41999816894531,116.41999816894531,114.58000183105469,115.48999786376953,115.48999786376953,67152
2020-01-07,115.37999725341797,115.91000366210938,115.36000061035156,115.80999755859375,115.80999755859375,39202
2020-01-07,115.80999755859375,115.88999938964844,115.66999816894531,115.86000061035156,115.86000061035156,54449
2020-01-07,115.86000061035156,115.94000244140625,115.77999877929688,115.81500244140625,115.81500244140625,48357
2020-01-07,115.81999969482422,116.05999755859375,115.73999786376953,116.0,116.0,46567
2020-01-07,115.9800033569336,116.3949966430664,115.9800033569336,116.3949966430664,116.3949966430664,74538
2020-01-07,116.36000061035156,116.36499786376953,116.0,116.08999633789062,116.08999633789062,141531
2020-01-08,115.91999816894531,116.20999908447266,115.31999969482422,115.62999725341797,115.62999725341797,144234
2020-01-08,115.62999725341797,115.7699966430664,115.37000274658203,115.68499755859375,115.68499755859375,163287
2020-01-08,115.55999755859375,116.4000015258789,115.4800033569336,116.33999633789062,116.33999633789062,53798
2020-01-08,116.3550033569336,116.36000061035156,115.88999938964844,115.9800033569336,115.9800033569336,36005
2020-01-08,116.01000213623047,116.12999725341797,115.7699966430664,116.11000061035156,116.11000061035156,58167
2020-01-08,116.13999938964844,116.58999633789062,115.97000122070312,116.52999877929688,116.52999877929688,75380
2020-01-08,116.5250015258789,116.52999877929688,116.2300033569336,116.37999725341797,116.37999725341797,177426
2020-01-09,116.79000091552734,116.79000091552734,115.94000244140625,116.41000366210938,116.41000366210938,75050
2020-01-09,116.5,116.82839965820312,116.4800033569336,116.69000244140625,116.69000244140625,63683
2020-01-09,116.68499755859375,117.0999984741211,116.63999938964844,116.83000183105469,116.83000183105469,62749
2020-01-09,116.83999633789062,116.88999938964844,116.62000274658203,116.70999908447266,116.70999908447266,46232
2020-01-09,116.70999908447266,117.06999969482422,116.66999816894531,116.94499969482422,116.94499969482422,47115
2020-01-09,116.95999908447266,117.11000061035156,116.80999755859375,116.86000061035156,116.86000061035156,63828
2020-01-09,116.8499984741211,117.12999725341797,116.80999755859375,117.11000061035156,117.11000061035156,107924
2020-01-10,116.875,117.2699966430664,116.62999725341797,117.04000091552734,117.04000091552734,82512
2020-01-10,117.04000091552734,117.04560089111328,116.22000122070312,116.2249984741211,116.2249984741211,40387
2020-01-10,116.19000244140625,116.30000305175781,115.88999938964844,116.04000091552734,116.04000091552734,41240
2020-01-10,116.06999969482422,116.30000305175781,116.01000213623047,116.19000244140625,116.19000244140625,48242
2020-01-10,116.16000366210938,116.36000061035156,116.04000091552734,116.05000305175781,116.05000305175781,40371
2020-01-10,116.02999877929688,116.02999877929688,115.69000244140625,115.69000244140625,115.69000244140625,57292
2020-01-10,115.6449966430664,115.94999694824219,115.37999725341797,115.7699966430664,115.7699966430664,170950
2020-01-13,116.02999877929688,116.37000274658203,115.91000366210938,116.33000183105469,116.33000183105469,31680
2020-01-13,116.31999969482422,116.76000213623047,116.1272964477539,116.56999969482422,116.56999969482422,91014
2020-01-13,116.56999969482422,116.91000366210938,116.48999786376953,116.8499984741211,116.8499984741211,35291
2020-01-13,116.83999633789062,116.91000366210938,116.61000061035156,116.66999816894531,116.66999816894531,59824
2020-01-13,116.66999816894531,117.16999816894531,116.66999816894531,117.16999816894531,117.16999816894531,55735
2020-01-13,117.13999938964844,117.1500015258789,116.94000244140625,117.0,117.0,83650
2020-01-13,116.98999786376953,117.23999786376953,116.97000122070312,117.1500015258789,117.1500015258789,164680
2020-01-14,117.2699966430664,117.2699966430664,116.6500015258789,116.93000030517578,116.93000030517578,68722
2020-01-14,116.94000244140625,117.69999694824219,116.88999938964844,117.45159912109375,117.45159912109375,153197
2020-01-14,117.36000061035156,117.47000122070312,117.06999969482422,117.21499633789062,117.21499633789062,47747
2020-01-14,117.20999908447266,117.80999755859375,117.19000244140625,117.69000244140625,117.69000244140625,52514
2020-01-14,117.73999786376953,117.79000091552734,116.86000061035156,117.0,117.0,57299
2020-01-14,116.9854965209961,117.26000213623047,116.93000030517578,116.98999786376953,116.98999786376953,76932
2020-01-14,116.9800033569336,117.20999908447266,116.8499984741211,117.0999984741211,117.0999984741211,152456
2020-01-15,116.7699966430664,118.27999877929688,116.7699966430664,118.26000213623047,118.26000213623047,156638
2020-01-15,118.30000305175781,118.33280181884766,117.81999969482422,117.92500305175781,117.92500305175781,99399
2020-01-15,117.9000015258789,118.20999908447266,117.76000213623047,117.7699966430664,117.7699966430664,59496
2020-01-15,117.75,117.81999969482422,117.23999786376953,117.29000091552734,117.29000091552734,55142
2020-01-15,117.2699966430664,117.4800033569336,117.08999633789062,117.47000122070312,117.47000122070312,60875
2020-01-15,117.48999786376953,117.70999908447266,117.18499755859375,117.20999908447266,117.20999908447266,88651
2020-01-15,117.30000305175781,117.70999908447266,117.13999938964844,117.63999938964844,117.63999938964844,163453
2020-01-16,118.37999725341797,118.37999725341797,117.58000183105469,118.3499984741211,118.3499984741211,164434
2020-01-16,118.30999755859375,118.51000213623047,118.22000122070312,118.27999877929688,118.27999877929688,36268
2020-01-16,118.27220153808594,118.70999908447266,118.27220153808594,118.62999725341797,118.62999725341797,30933
2020-01-16,118.62999725341797,118.91000366210938,118.62999725341797,118.91000366210938,118.91000366210938,34143
2020-01-16,118.88500213623047,119.2300033569336,118.83000183105469,119.1500015258789,119.1500015258789,65214
2020-01-16,119.19730377197266,119.29000091552734,119.0,119.2699966430664,119.2699966430664,75312
2020-01-16,119.2699966430664,119.62000274658203,119.2300033569336,119.5999984741211,119.5999984741211,113600
2020-01-17,119.61000061035156,120.04000091552734,119.37999725341797,119.83999633789062,119.83999633789062,134888
2020-01-17,119.83999633789062,119.86000061035156,119.37999725341797,119.5,119.5,57723
2020-01-17,119.51000213623047,119.79000091552734,119.47000122070312,119.56939697265625,119.56939697265625,35623
2020-01-17,119.58999633789062,119.77999877929688,119.48999786376953,119.48999786376953,119.48999786376953,33363
2020-01-17,119.49500274658203,119.58999633789062,119.44999694824219,119.47000122070312,119.47000122070312,41812
2020-01-17,119.47000122070312,119.54000091552734,119.11000061035156,119.19000244140625,119.19000244140625,61658
2020-01-17,119.18099975585938,119.61000061035156,119.18099975585938,119.45999908447266,119.45999908447266,117816
2020-01-21,118.75,119.08000183105469,118.08000183105469,118.36499786376953,118.36499786376953,83523
2020-01-21,118.3499984741211,118.5,117.4000015258789,117.55500030517578,117.55500030517578,92133
2020-01-21,117.55999755859375,118.20999908447266,117.31999969482422,118.16000366210938,118.16000366210938,64776
2020-01-21,118.16200256347656,118.33000183105469,117.87999725341797,117.92500305175781,117.92500305175781,39441
2020-01-21,117.95999908447266,118.00499725341797,117.68000030517578,117.75,117.75,52220
2020-01-21,117.71499633789062,118.2699966430664,117.63999938964844,118.1449966430664,118.1449966430664,50099
2020-01-21,118.1500015258789,118.19999694824219,117.77999877929688,117.94000244140625,117.94000244140625,75529
2020-01-22,118.33999633789062,118.9000015258789,118.30999755859375,118.61229705810547,118.61229705810547,45509
2020-01-22,118.61000061035156,118.61000061035156,117.87999725341797,118.0199966430664,118.0199966430664,35665
2020-01-22,117.9800033569336,118.1500015258789,117.75,117.83499908447266,117.83499908447266,38132
2020-01-22,117.81999969482422,118.06999969482422,117.80000305175781,117.94499969482422,117.94499969482422,32617
2020-01-22,117.91000366210938,118.05999755859375,117.87999725341797,117.95999908447266,117.95999908447266,35118
2020-01-22,117.95500183105469,118.04000091552734,117.66000366210938,117.69999694824219,117.69999694824219,48358
2020-01-22,117.68000030517578,118.05000305175781,117.66000366210938,117.87000274658203,117.87000274658203,105919
2020-01-23,117.3499984741211,117.6500015258789,116.7699966430664,117.47000122070312,117.47000122070312,105193
2020-01-23,117.48999786376953,117.73999786376953,117.04499816894531,117.19999694824219,117.19999694824219,58581
2020-01-23,117.22000122070312,117.8499984741211,117.19999694824219,117.7300033569336,117.7300033569336,57154
2020-01-23,117.75,117.86000061035156,117.47000122070312,117.69499969482422,117.69499969482422,64154
2020-01-23,117.63999938964844,118.2699966430664,117.61000061035156,118.2699966430664,118.2699966430664,119076
2020-01-23,118.27999877929688,118.55999755859375,118.23999786376953,118.44000244140625,118.44000244140625,87787
2020-01-23,118.4000015258789,118.80999755859375,118.38999938964844,118.69999694824219,118.69999694824219,122510
2020-01-24,118.86000061035156,118.86000061035156,118.18419647216797,118.38749694824219,118.38749694824219,66061
2020-01-24,118.375,118.53500366210938,118.05500030517578,118.25,118.25,103562
2020-01-24,118.2300033569336,118.2300033569336,117.25,117.37999725341797,117.37999725341797,44108
2020-01-24,117.47000122070312,117.6500015258789,117.23470306396484,117.23470306396484,117.23470306396484,48149
2020-01-24,117.13510131835938,117.22989654541016,116.73999786376953,116.80000305175781,116.80000305175781,44128
2020-01-24,116.83999633789062,117.45999908447266,116.69999694824219,117.4000015258789,117.4000015258789,49163
2020-01-24,117.37000274658203,117.47000122070312,117.05000305175781,117.11000061035156,117.11000061035156,161859
2020-01-27,114.91000366210938,115.25,113.72000122070312,115.0999984741211,115.0999984741211,180819
2020-01-27,115.13999938964844,115.26000213623047,114.5999984741211,115.20999908447266,115.20999908447266,94016
2020-01-27,115.19999694824219,116.19999694824219,115.18000030517578,116.08999633789062,116.08999633789062,112619
2020-01-27,116.1500015258789,116.44000244140625,116.12000274658203,116.33499908447266,116.33499908447266,68318
2020-01-27,116.30999755859375,116.45999908447266,116.05999755859375,116.23999786376953,116.23999786376953,71476
2020-01-27,116.26000213623047,116.26000213623047,115.6449966430664,115.9800033569336,115.9800033569336,96129
2020-01-27,115.97000122070312,115.97000122070312,115.41000366210938,115.41000366210938,115.41000366210938,177416
2020-01-28,116.0,116.32499694824219,115.38999938964844,116.12999725341797,116.12999725341797,143176
2020-01-28,116.11000061035156,116.69000244140625,116.04000091552734,116.63999938964844,116.63999938964844,130020
2020-01-28,116.63999938964844,116.66000366210938,116.19000244140625,116.31999969482422,116.31999969482422,143703
2020-01-28,116.30999755859375,116.4800033569336,116.1050033569336,116.45500183105469,116.45500183105469,83628
2020-01-28,116.45999908447266,116.73500061035156,116.36000061035156,116.68000030517578,116.68000030517578,89202
2020-01-28,116.68000030517578,117.0,116.55000305175781,116.98999786376953,116.98999786376953,124816
2020-01-28,116.9800033569336,117.01000213623047,116.38999938964844,116.44999694824219,116.44999694824219,162900
2020-01-29,116.94000244140625,117.2699966430664,116.2300033569336,116.88999938964844,116.88999938964844,79202
2020-01-29,116.87000274658203,117.37000274658203,116.7300033569336,117.1500015258789,117.1500015258789,82355
2020-01-29,117.12999725341797,117.27999877929688,116.99500274658203,117.19999694824219,117.19999694824219,69070
2020-01-29,117.16999816894531,117.20999908447266,116.86000061035156,117.16000366210938,117.16000366210938,84064
2020-01-29,117.16000366210938,117.41999816894531,116.97000122070312,117.23999786376953,117.23999786376953,101528
2020-01-29,117.23999786376953,117.37000274658203,116.75,116.94000244140625,116.94000244140625,127517
2020-01-29,116.93000030517578,116.94999694824219,116.33000183105469,116.4000015258789,116.4000015258789,292970
2020-01-30,116.69000244140625,120.19999694824219,116.5,118.875,118.875,290013
2020-01-30,118.86000061035156,118.8949966430664,116.93000030517578,118.01000213623047,118.01000213623047,155161
2020-01-30,118.01000213623047,118.2699966430664,117.16999816894531,117.3949966430664,117.3949966430664,117749
2020-01-30,117.41999816894531,117.65989685058594,116.87999725341797,117.5199966430664,117.5199966430664,94500
2020-01-30,117.5199966430664,118.06999969482422,117.40499877929688,117.94999694824219,117.94999694824219,99644
2020-01-30,117.96499633789062,118.68000030517578,117.37999725341797,118.48999786376953,118.48999786376953,160945
2020-01-30,118.51000213623047,119.12000274658203,118.29000091552734,118.91999816894531,118.91999816894531,200080
2020-01-31,117.93000030517578,118.1500015258789,115.43000030517578,115.5,115.5,233211
2020-01-31,115.4800033569336,115.69999694824219,114.125,114.30000305175781,114.30000305175781,220551
2020-01-31,114.32499694824219,115.06999969482422,114.00499725341797,115.04000091552734,115.04000091552734,129743
2020-01-31,114.98999786376953,114.98999786376953,113.63999938964844,114.06500244140625,114.06500244140625,196841
2020-01-31,114.06500244140625,114.81999969482422,113.76000213623047,114.08000183105469,114.08000183105469,148047
2020-01-31,114.06999969482422,114.55999755859375,113.69999694824219,113.72000122070312,113.72000122070312,190570
2020-01-31,113.70999908447266,114.33000183105469,113.44999694824219,113.80999755859375,113.80999755859375,412576
2020-02-03,114.61000061035156,115.69999694824219,114.11000061035156,115.26000213623047,115.26000213623047,330080
2020-02-03,115.2699966430664,115.31999969482422,114.375,114.45999908447266,114.45999908447266,205003
2020-02-03,114.41000366210938,114.5,113.96499633789062,114.0999984741211,114.0999984741211,110133
2020-02-03,114.08999633789062,114.30999755859375,113.61000061035156,114.16999816894531,114.16999816894531,126682
2020-02-03,114.16999816894531,114.3499984741211,113.80999755859375,114.08999633789062,114.08999633789062,157031
2020-02-03,114.05999755859375,114.16999816894531,113.83000183105469,114.08999633789062,114.08999633789062,157189
2020-02-03,114.08000183105469,114.08999633789062,113.31999969482422,113.66999816894531,113.66999816894531,250441
2020-02-04,115.29000091552734,117.6449966430664,115.29000091552734,117.43000030517578,117.43000030517578,157377
2020-02-04,117.47000122070312,117.51000213623047,116.51000213623047,116.79000091552734,116.79000091552734,95030
2020-02-04,116.79000091552734,117.12999725341797,116.72000122070312,117.0,117.0,65386
2020-02-04,117.02999877929688,117.42310333251953,116.9800033569336,117.33999633789062,117.33999633789062,68741
2020-02-04,117.3499984741211,117.44999694824219,117.08999633789062,117.1500015258789,117.1500015258789,58019
2020-02-04,117.11000061035156,117.26000213623047,116.93000030517578,116.94999694824219,116.94999694824219,112639
2020-02-04,116.93000030517578,117.02999877929688,116.41999816894531,116.4800033569336,116.4800033569336,242668
2020-02-05,117.83999633789062,118.63999938964844,117.52999877929688,117.93000030517578,117.93000030517578,107570
2020-02-05,117.91500091552734,118.33999633789062,117.75,118.30000305175781,118.30000305175781,121204
2020-02-05,118.31999969482422,118.73999786376953,118.23999786376953,118.73999786376953,118.73999786376953,59282
2020-02-05,118.7699966430664,119.08999633789062,118.70999908447266,119.08999633789062,119.08999633789062,46156
2020-02-05,119.08000183105469,119.2300033569336,118.80999755859375,118.87999725341797,118.87999725341797,59429
2020-02-05,118.87000274658203,119.04000091552734,118.7300033569336,119.0,119.0,93874
2020-02-05,119.01599884033203,119.29000091552734,118.95999908447266,119.19999694824219,119.19999694824219,155833
2020-02-06,119.44999694824219,119.47000122070312,118.5,118.8499984741211,118.8499984741211,72169
2020-02-06,118.81999969482422,119.28170013427734,118.80000305175781,119.01000213623047,119.01000213623047,55889
2020-02-06,119.04499816894531,119.0999984741211,118.47000122070312,118.78500366210938,118.78500366210938,51870
2020-02-06,118.80000305175781,118.80000305175781,118.58999633789062,118.66000366210938,118.66000366210938,45186
2020-02-06,118.63999938964844,118.68499755859375,118.2300033569336,118.30000305175781,118.30000305175781,78956
2020-02-06,118.30000305175781,118.36000061035156,117.80999755859375,117.8499984741211,117.8499984741211,109513
2020-02-06,117.87000274658203,118.47000122070312,117.87000274658203,118.2300033569336,118.2300033569336,157000
2020-02-07,117.33999633789062,117.58999633789062,116.90499877929688,117.58000183105469,117.58000183105469,57222
2020-02-07,117.58499908447266,117.68000030517578,117.0199966430664,117.40499877929688,117.40499877929688,76587
2020-02-07,117.41999816894531,118.05999755859375,117.38999938964844,117.91999816894531,117.91999816894531,61999
2020-02-07,117.91000366210938,118.08999633789062,117.77999877929688,118.08000183105469,118.08000183105469,83808
2020-02-07,118.12999725341797,118.2699966430664,117.20999908447266,117.47000122070312,117.47000122070312,116074
2020-02-07,117.48999786376953,117.5199966430664,117.17500305175781,117.34500122070312,117.34500122070312,105147
2020-02-07,117.33999633789062,117.41999816894531,117.1500015258789,117.30999755859375,117.30999755859375,259086
2020-02-10,117.1500015258789,118.1500015258789,116.80729675292969,117.86000061035156,117.86000061035156,59561
2020-02-10,118.01000213623047,118.4000015258789,117.80000305175781,117.83999633789062,117.83999633789062,56210
2020-02-10,117.87999725341797,118.0999984741211,117.69000244140625,118.01000213623047,118.01000213623047,72140
2020-02-10,118.01000213623047,118.02999877929688,117.62000274658203,117.8499984741211,117.8499984741211,45908
2020-02-10,117.8550033569336,117.96499633789062,117.4000015258789,117.5250015258789,117.5250015258789,62381
2020-02-10,117.5199966430664,117.87000274658203,117.5199966430664,117.83999633789062,117.83999633789062,71731
2020-02-10,117.83999633789062,118.30000305175781,117.7300033569336,118.25,118.25,143310
2020-02-11,119.0,119.69999694824219,118.44999694824219,119.47000122070312,119.47000122070312,55929
2020-02-11,119.4800033569336,119.4800033569336,119.15499877929688,119.2969970703125,119.2969970703125,58179
2020-02-11,119.2699966430664,119.69000244140625,119.19499969482422,119.61499786376953,119.61499786376953,73118
2020-02-11,119.5999984741211,119.83999633789062,119.57499694824219,119.78500366210938,119.78500366210938,39128
2020-02-11,119.7699966430664,119.86000061035156,119.33999633789062,119.52999877929688,119.52999877929688,76942
2020-02-11,119.52999877929688,119.62999725341797,119.0801010131836,119.12000274658203,119.12000274658203,181624
2020-02-11,119.13500213623047,119.18000030517578,118.81999969482422,119.01000213623047,119.01000213623047,195082
2020-02-12,119.91000366210938,119.94999694824219,118.68000030517578,119.0999984741211,119.0999984741211,76392
2020-02-12,119.22000122070312,119.9000015258789,119.22000122070312,119.73999786376953,119.73999786376953,53185
2020-02-12,119.75,119.83999633789062,119.33000183105469,119.45999908447266,119.45999908447266,36817
2020-02-12,119.45999908447266,119.55000305175781,119.26499938964844,119.30999755859375,119.30999755859375,27390
2020-02-12,119.31500244140625,119.80999755859375,119.30999755859375,119.63999938964844,119.63999938964844,39204
2020-02-12,119.66999816894531,120.02999877929688,119.66999816894531,119.91999816894531,119.91999816894531,62228
2020-02-12,119.93000030517578,120.06999969482422,119.7699966430664,119.8499984741211,119.8499984741211,127565
2020-02-13,119.1240005493164,119.68000030517578,118.69000244140625,118.77999877929688,118.77999877929688,77373
2020-02-13,118.75,118.91000366210938,118.36000061035156,118.88999938964844,118.88999938964844,62341
2020-02-13,118.88999938964844,119.4000015258789,118.77999877929688,119.375,119.375,45161
2020-02-13,119.37999725341797,119.55500030517578,119.20999908447266,119.37999725341797,119.37999725341797,49767
2020-02-13,119.37999725341797,119.79000091552734,119.33999633789062,119.7300033569336,119.7300033569336,62149
2020-02-13,119.7300033569336,119.87999725341797,119.3499984741211,119.5,119.5,85969
2020-02-13,119.55000305175781,119.62000274658203,119.36000061035156,119.55999755859375,119.55999755859375,128354
2020-02-14,119.7699966430664,120.11499786376953,119.22000122070312,119.2699966430664,119.2699966430664,57105
2020-02-14,119.31749725341797,119.5,118.83000183105469,118.83000183105469,118.83000183105469,69762
2020-02-14,118.8550033569336,118.94000244140625,118.70999908447266,118.83000183105469,118.83000183105469,43587
2020-02-14,118.87000274658203,118.94999694824219,118.70999908447266,118.87000274658203,118.87000274658203,53059
2020-02-14,118.8550033569336,119.36000061035156,118.81500244140625,119.3550033569336,119.3550033569336,72341
2020-02-14,119.33000183105469,119.66999816894531,119.20999908447266,119.66000366210938,119.66000366210938,69343
2020-02-14,119.6500015258789,119.91999816894531,119.38999938964844,119.8499984741211,119.8499984741211,168976
2020-02-18,119.34500122070312,120.08999633789062,119.11000061035156,119.77999877929688,119.77999877929688,167656
2020-02-18,119.77999877929688,120.18000030517578,118.91999816894531,119.01000213623047,119.01000213623047,80584
2020-02-18,119.03600311279297,119.56999969482422,118.91999816894531,119.50499725341797,119.50499725341797,30377
2020-02-18,119.5250015258789,120.12999725341797,119.5250015258789,119.91999816894531,119.91999816894531,36652
2020-02-18,119.91999816894531,120.13999938964844,119.7699966430664,120.08000183105469,120.08000183105469,39598
2020-02-18,120.08000183105469,120.23999786376953,119.87000274658203,119.93000030517578,119.93000030517578,52440
2020-02-18,119.9000015258789,119.95999908447266,119.68000030517578,119.87999725341797,119.87999725341797,109491
2020-02-19,120.16000366210938,120.26000213623047,119.44000244140625,119.52999877929688,119.52999877929688,52414
2020-02-19,119.52999877929688,119.80000305175781,119.3499984741211,119.5999984741211,119.5999984741211,96720
2020-02-19,119.66000366210938,119.7300033569336,119.16000366210938,119.23999786376953,119.23999786376953,202593
2020-02-19,119.25,119.29000091552734,118.97000122070312,119.07499694824219,119.07499694824219,37033
2020-02-19,119.04000091552734,119.06500244140625,118.25,118.36000061035156,118.36000061035156,52353
2020-02-19,118.38999938964844,118.69999694824219,117.93000030517578,118.02999877929688,118.02999877929688,209069
2020-02-19,118.0250015258789,118.13999938964844,117.1500015258789,117.25,117.25,287000
2020-02-20,116.91999816894531,119.4000015258789,116.32499694824219,119.29000091552734,119.29000091552734,91696
2020-02-20,119.36000061035156,119.4990005493164,118.19999694824219,118.20999908447266,118.20999908447266,72897
2020-02-20,118.19000244140625,118.875,117.50499725341797,118.47000122070312,118.47000122070312,68002
2020-02-20,118.51000213623047,119.11000061035156,118.26000213623047,118.9800033569336,118.9800033569336,75939
2020-02-20,119.01000213623047,119.1500015258789,118.70999908447266,118.91999816894531,118.91999816894531,58781
2020-02-20,119.0,119.13500213623047,118.58999633789062,118.87999725341797,118.87999725341797,66024
2020-02-20,118.87000274658203,119.12000274658203,118.80000305175781,119.0199966430664,119.0199966430664,145840
2020-02-21,118.58999633789062,118.93000030517578,117.70999908447266,118.1500015258789,118.1500015258789,83343
2020-02-21,118.08000183105469,118.37000274658203,117.76000213623047,118.36000061035156,118.36000061035156,32638
2020-02-21,118.4000015258789,118.79000091552734,118.37999725341797,118.69499969482422,118.69499969482422,38066
2020-02-21,118.70999908447266,118.87999725341797,118.61000061035156,118.62000274658203,118.62000274658203,25549
2020-02-21,118.62000274658203,118.77999877929688,118.3499984741211,118.76000213623047,118.76000213623047,41217
2020-02-21,118.76000213623047,119.0,118.62999725341797,118.9800033569336,118.9800033569336,62762
2020-02-21,118.9800033569336,119.51000213623047,118.91999816894531,119.38999938964844,119.38999938964844,183503
2020-02-24,115.2699966430664,116.0,114.19499969482422,115.5199966430664,115.5199966430664,123809
2020-02-24,115.51000213623047,116.62000274658203,115.3499984741211,116.43000030517578,116.43000030517578,79327
2020-02-24,116.41000366210938,116.4800033569336,115.1500015258789,115.1500015258789,115.1500015258789,47796
2020-02-24,115.16999816894531,115.38999938964844,114.44000244140625,115.12000274658203,115.12000274658203,94995
2020-02-24,115.05999755859375,115.29000091552734,114.56999969482422,115.29000091552734,115.29000091552734,43145
2020-02-24,115.30000305175781,115.80999755859375,115.08000183105469,115.30000305175781,115.30000305175781,73053
2020-02-24,115.30670166015625,115.43609619140625,114.73999786376953,114.94999694824219,114.94999694824219,184070
2020-02-25,115.09500122070312,115.31829833984375,113.58000183105469,113.68000030517578,113.68000030517578,57947
2020-02-25,113.91999816894531,114.18000030517578,112.86000061035156,113.48419952392578,113.48419952392578,71109
2020-02-25,113.44499969482422,113.6500015258789,112.41000366210938,112.58999633789062,112.58999633789062,63143
2020-02-25,112.5999984741211,112.8949966430664,111.91000366210938,112.0999984741211,112.0999984741211,62273
2020-02-25,111.9800033569336,112.0199966430664,111.05500030517578,111.27999877929688,111.27999877929688,283397
2020-02-25,111.2300033569336,111.76000213623047,110.5,110.66000366210938,110.66000366210938,111729
2020-02-25,110.56999969482422,111.05999755859375,109.94999694824219,110.06999969482422,110.06999969482422,326174
2020-02-26,111.16999816894531,111.5199966430664,110.22000122070312,110.43000030517578,110.43000030517578,184906
2020-02-26,110.5199966430664,111.79000091552734,110.48500061035156,111.62999725341797,111.62999725341797,163309
2020-02-26,111.58000183105469,111.72000122070312,109.79000091552734,110.13999938964844,110.13999938964844,86329
2020-02-26,110.19000244140625,110.54000091552734,109.87999725341797,110.27999877929688,110.27999877929688,61620
2020-02-26,110.2300033569336,110.2300033569336,108.74500274658203,109.19999694824219,109.19999694824219,96962
2020-02-26,109.25,109.86000061035156,108.56999969482422,108.72000122070312,108.72000122070312,126727
2020-02-26,108.71499633789062,108.83999633789062,108.26000213623047,108.33999633789062,108.33999633789062,453409
2020-02-27,105.41999816894531,106.9800033569336,105.41999816894531,105.9000015258789,105.9000015258789,206413
2020-02-27,105.83000183105469,108.08000183105469,105.02999877929688,107.33999633789062,107.33999633789062,123042
2020-02-27,107.2300033569336,109.16000366210938,107.04000091552734,108.94999694824219,108.94999694824219,110466
2020-02-27,108.88999938964844,109.95999908447266,108.88999938964844,108.94999694824219,108.94999694824219,113584
2020-02-27,108.9800033569336,109.23999786376953,107.47000122070312,108.1500015258789,108.1500015258789,111644
2020-02-27,108.04000091552734,108.26000213623047,107.1500015258789,107.1500015258789,107.1500015258789,128224
2020-02-27,107.15499877929688,107.33999633789062,105.23999786376953,105.25,105.25,414499
2020-02-28,101.86599731445312,103.33999633789062,99.5999984741211,100.20999908447266,100.20999908447266,233172
2020-02-28,100.27999877929688,101.66000366210938,99.7699966430664,101.18000030517578,101.18000030517578,185975
2020-02-28,101.24500274658203,102.51499938964844,101.13999938964844,102.16000366210938,102.16000366210938,173258
2020-02-28,102.22000122070312,103.04000091552734,101.7300033569336,102.19999694824219,102.19999694824219,131774
2020-02-28,101.9800033569336,102.0199966430664,100.86000061035156,101.5199966430664,101.5199966430664,210635
2020-02-28,101.51000213623047,102.9800033569336,101.01000213623047,101.01000213623047,101.01000213623047,210105
2020-02-28,100.97000122070312,102.87999725341797,100.47000122070312,102.80000305175781,102.80000305175781,281828
2020-03-02,103.37999725341797,103.70500183105469,102.08000183105469,103.16000366210938,103.16000366210938,160079
2020-03-02,103.18000030517578,105.41000366210938,102.75,104.69499969482422,104.69499969482422,168779
2020-03-02,104.70999908447266,105.83000183105469,104.70999908447266,105.36000061035156,105.36000061035156,146675
2020-03-02,105.44000244140625,106.29000091552734,105.29499816894531,105.37999725341797,105.37999725341797,109611
2020-03-02,105.41000366210938,106.43000030517578,105.25,105.87000274658203,105.87000274658203,105924
2020-03-02,105.87999725341797,106.56999969482422,105.04299926757812,106.41999816894531,106.41999816894531,124845
2020-03-02,106.4000015258789,107.7699966430664,106.22000122070312,107.44000244140625,107.44000244140625,252263
2020-03-03,107.18000030517578,110.9000015258789,106.11000061035156,109.0,109.0,162130
2020-03-03,109.08999633789062,109.73999786376953,106.66000366210938,106.8499984741211,106.8499984741211,123932
2020-03-03,106.9000015258789,108.26499938964844,106.68000030517578,107.63999938964844,107.63999938964844,83030
2020-03-03,107.69000244140625,107.97000122070312,106.18000030517578,106.66999816894531,106.66999816894531,88303
2020-03-03,106.5999984741211,106.9000015258789,104.52999877929688,105.9800033569336,105.9800033569336,134652
2020-03-03,105.94999694824219,107.37000274658203,105.11000061035156,107.37000274658203,107.37000274658203,204411
2020-03-03,107.22000122070312,107.33000183105469,105.27999877929688,105.77999877929688,105.77999877929688,257223
2020-03-04,107.41000366210938,108.66000366210938,106.44000244140625,108.37999725341797,108.37999725341797,86015
2020-03-04,108.51000213623047,108.51000213623047,107.2300033569336,108.2699966430664,108.2699966430664,81163
2020-03-04,108.37999725341797,108.77999877929688,107.7300033569336,108.76000213623047,108.76000213623047,51745
2020-03-04,108.7300033569336,109.55000305175781,108.48999786376953,109.41999816894531,109.41999816894531,48049
2020-03-04,109.5,110.05000305175781,109.23999786376953,109.79000091552734,109.79000091552734,123396
2020-03-04,109.77999877929688,110.12999725341797,109.30000305175781,110.12999725341797,110.12999725341797,111457
2020-03-04,110.12999725341797,111.0,109.94999694824219,110.69999694824219,110.69999694824219,272361
2020-03-05,107.06999969482422,109.3550033569336,107.06999969482422,108.45999908447266,108.45999908447266,174155
2020-03-05,108.44000244140625,108.88999938964844,107.62999725341797,108.43000030517578,108.43000030517578,61670
2020-03-05,108.48500061035156,108.63500213623047,106.91000366210938,106.91500091552734,106.91500091552734,70985
2020-03-05,107.02999877929688,107.19999694824219,105.66000366210938,106.23979949951172,106.23979949951172,79239
2020-03-05,106.12000274658203,106.70500183105469,105.33999633789062,105.7300033569336,105.7300033569336,87847
2020-03-05,105.73999786376953,106.3499984741211,105.13999938964844,105.53500366210938,105.53500366210938,114004
2020-03-05,105.45999908447266,106.05000305175781,105.23999786376953,105.77999877929688,105.77999877929688,272681
2020-03-06,102.23999786376953,104.01000213623047,101.68000030517578,103.66999816894531,103.66999816894531,174426
2020-03-06,104.0250015258789,104.7300033569336,102.76000213623047,103.0199966430664,103.0199966430664,137783
2020-03-06,103.13999938964844,103.44000244140625,101.81999969482422,102.08999633789062,102.08999633789062,153539
2020-03-06,102.55999755859375,103.21499633789062,102.08000183105469,102.19999694824219,102.19999694824219,122176
2020-03-06,102.25,102.52999877929688,100.68499755859375,101.0,101.0,170021
2020-03-06,100.91000366210938,101.0,99.41000366210938,100.11000061035156,100.11000061035156,272126
2020-03-06,100.08999633789062,101.94000244140625,100.0,101.5,101.5,596894
2020-03-09,93.91000366210938,95.30999755859375,92.37999725341797,94.83000183105469,94.83000183105469,272118
2020-03-09,94.92500305175781,95.16000366210938,92.62999725341797,94.05999755859375,94.05999755859375,218518
2020-03-09,93.94000244140625,95.29000091552734,93.5,93.98999786376953,93.98999786376953,173948
2020-03-09,93.98999786376953,94.04000091552734,93.27999877929688,93.5999984741211,93.5999984741211,147097
2020-03-09,93.5199966430664,93.66999816894531,92.36000061035156,92.79000091552734,92.79000091552734,203285
2020-03-09,92.83000183105469,94.4800033569336,92.26000213623047,94.0999984741211,94.0999984741211,212430
2020-03-09,94.08999633789062,94.87000274658203,93.69000244140625,93.70999908447266,93.70999908447266,505707
2020-03-10,97.08000183105469,98.8499984741211,95.98200225830078,97.11000061035156,97.11000061035156,177761
2020-03-10,97.11000061035156,97.19000244140625,94.62000274658203,94.88500213623047,94.88500213623047,124824
2020-03-10,94.62000274658203,96.58000183105469,94.16000366210938,95.58999633789062,95.58999633789062,106251
2020-03-10,95.37000274658203,97.06999969482422,94.75,96.9000015258789,96.9000015258789,111795
2020-03-10,96.94999694824219,97.61000061035156,95.7699966430664,97.37000274658203,97.37000274658203,165391
2020-03-10,97.29989624023438,99.91999816894531,97.22000122070312,99.20500183105469,99.20500183105469,125952
2020-03-10,99.23999786376953,100.55999755859375,98.73999786376953,100.55000305175781,100.55000305175781,179254
2020-03-11,97.62999725341797,98.62999725341797,96.58999633789062,97.33000183105469,97.33000183105469,106696
2020-03-11,96.9800033569336,97.25,96.08000183105469,96.4000015258789,96.4000015258789,79751
2020-03-11,96.33999633789062,99.18000030517578,96.19999694824219,98.45999908447266,98.45999908447266,124738
2020-03-11,98.4800033569336,98.69000244140625,96.44000244140625,97.30000305175781,97.30000305175781,104825
2020-03-11,97.16000366210938,97.33000183105469,96.2300033569336,96.37000274658203,96.37000274658203,103200
2020-03-11,96.44000244140625,96.87000274658203,94.76000213623047,95.23999786376953,95.23999786376953,222783
2020-03-11,95.16000366210938,96.05999755859375,95.01000213623047,95.54000091552734,95.54000091552734,425443
2020-03-12,89.41999816894531,89.43000030517578,85.18000030517578,87.19999694824219,87.19999694824219,305957
2020-03-12,87.11000061035156,88.44999694824219,86.54900360107422,87.08999633789062,87.08999633789062,187648
2020-03-12,87.125,87.46499633789062,84.38500213623047,86.74500274658203,86.74500274658203,259974
2020-03-12,86.44999694824219,91.25,85.49500274658203,89.97000122070312,89.97000122070312,311088
2020-03-12,89.8499984741211,90.91000366210938,88.70999908447266,89.6500015258789,89.6500015258789,256126
2020-03-12,89.5999984741211,91.27999877929688,88.2300033569336,88.45999908447266,88.45999908447266,237833
2020-03-12,88.44999694824219,88.80999755859375,85.38999938964844,85.58000183105469,85.58000183105469,463475
2020-03-13,90.91000366210938,90.91000366210938,88.43499755859375,88.43499755859375,88.43499755859375,218438
2020-03-13,88.5,88.76000213623047,85.63999938964844,85.63999938964844,85.63999938964844,102441
2020-03-13,85.73999786376953,86.51000213623047,84.81999969482422,86.16999816894531,86.16999816894531,99207
2020-03-13,86.16000366210938,88.30999755859375,86.12000274658203,88.13999938964844,88.13999938964844,120770
2020-03-13,88.2300033569336,89.19000244140625,86.91999816894531,87.25,87.25,107204
2020-03-13,87.29000091552734,89.4800033569336,86.38999938964844,89.37000274658203,89.37000274658203,166449
2020-03-13,89.30999755859375,90.87999725341797,86.97000122070312,90.73999786376953,90.73999786376953,376073
2020-03-16,75.91010284423828,80.80999755859375,75.91000366210938,78.45999908447266,78.45999908447266,206747
2020-03-16,78.45999908447266,80.12000274658203,77.79000091552734,79.0,79.0,231994
2020-03-16,79.34500122070312,79.44999694824219,75.45999908447266,75.5,75.5,313301
2020-03-16,75.61000061035156,76.94000244140625,74.91999816894531,76.38999938964844,76.38999938964844,264439
2020-03-16,76.31999969482422,76.31999969482422,73.9198989868164,74.31999969482422,74.31999969482422,185444
2020-03-16,74.33000183105469,75.51000213623047,73.45999908447266,73.4800033569336,73.4800033569336,447686
2020-03-16,73.47000122070312,77.52999877929688,72.1500015258789,75.94999694824219,75.94999694824219,561485
2020-03-17,77.77999877929688,78.56500244140625,73.88200378417969,76.47000122070312,76.47000122070312,245593
2020-03-17,76.5,77.58000183105469,75.58000183105469,77.12999725341797,77.12999725341797,166557
2020-03-17,77.12999725341797,79.5,76.69999694824219,78.70999908447266,78.70999908447266,201195
2020-03-17,78.77999877929688,79.22000122070312,77.54000091552734,77.58000183105469,77.58000183105469,201063
2020-03-17,77.58000183105469,80.87000274658203,77.11000061035156,80.81999969482422,80.81999969482422,175669
2020-03-17,81.02100372314453,82.36000061035156,78.4800033569336,78.66000366210938,78.66000366210938,209982
2020-03-17,78.66999816894531,81.33999633789062,78.62000274658203,81.12000274658203,81.12000274658203,415294
2020-03-18,75.55999755859375,76.80999755859375,73.80000305175781,75.01000213623047,75.01000213623047,273946
2020-03-18,74.94000244140625,75.25,71.57499694824219,73.81500244140625,73.81500244140625,214148
2020-03-18,73.75,76.91999816894531,73.56999969482422,74.87999725341797,74.87999725341797,184453
2020-03-18,74.93499755859375,74.95999908447266,71.2300033569336,71.37999725341797,71.37999725341797,90730
2020-03-18,71.18000030517578,71.61000061035156,67.69000244140625,68.13500213623047,68.13500213623047,159099
2020-03-18,68.04499816894531,70.45999908447266,67.79000091552734,68.18499755859375,68.18499755859375,196624
2020-03-18,68.19499969482422,70.47000122070312,67.36499786376953,69.95999908447266,69.95999908447266,355018
2020-03-19,69.01000213623047,73.58999633789062,66.26010131835938,72.04000091552734,72.04000091552734,163619
2020-03-19,72.05000305175781,72.87999725341797,70.30000305175781,72.78669738769531,72.78669738769531,157687
2020-03-19,72.7699966430664,73.12999725341797,68.96800231933594,69.1500015258789,69.1500015258789,98472
2020-03-19,69.13999938964844,70.16999816894531,68.88999938964844,69.6500015258789,69.6500015258789,127607
2020-03-19,69.54499816894531,71.30480194091797,69.19999694824219,70.6500015258789,70.6500015258789,150727
2020-03-19,70.76000213623047,71.67469787597656,69.75,70.13999938964844,70.13999938964844,190467
2020-03-19,70.30000305175781,71.62000274658203,70.18000030517578,70.83000183105469,70.83000183105469,276040
2020-03-20,71.20500183105469,74.12000274658203,69.4000015258789,73.66999816894531,73.66999816894531,342256
2020-03-20,74.19999694824219,75.2300033569336,69.41999816894531,70.5250015258789,70.5250015258789,271016
2020-03-20,70.5199966430664,72.29000091552734,69.70999908447266,69.70999908447266,69.70999908447266,165539
2020-03-20,69.84500122070312,71.3499984741211,67.61000061035156,68.06999969482422,68.06999969482422,323290
2020-03-20,68.06999969482422,69.41000366210938,67.45500183105469,68.58999633789062,68.58999633789062,303920
2020-03-20,68.58000183105469,70.06999969482422,67.19999694824219,68.9000015258789,68.9000015258789,254493
2020-03-20,68.9000015258789,69.61000061035156,65.9000015258789,66.08999633789062,66.08999633789062,415263
2020-03-23,65.38999938964844,66.87000274658203,64.33000183105469,66.51499938964844,66.51499938964844,293418
2020-03-23,66.41999816894531,67.5199966430664,63.58000183105469,63.90999984741211,63.90999984741211,289963
2020-03-23,64.01000213623047,64.91000366210938,62.95000076293945,64.57499694824219,64.57499694824219,184896
2020-03-23,64.58499908447266,66.37000274658203,63.94499969482422,64.91000366210938,64.91000366210938,176240
2020-03-23,64.66000366210938,66.55000305175781,64.12999725341797,66.11000061035156,66.11000061035156,123991
2020-03-23,66.0999984741211,67.12999725341797,64.13970184326172,64.375,64.375,185472
2020-03-23,64.375,66.0999984741211,63.81999969482422,65.16999816894531,65.16999816894531,350016
2020-03-24,69.55000305175781,72.54000091552734,68.83000183105469,72.4834976196289,72.4834976196289,478233
2020-03-24,72.48999786376953,73.31999969482422,70.80000305175781,72.2249984741211,72.2249984741211,219502
2020-03-24,72.23999786376953,74.75499725341797,71.52999877929688,74.6500015258789,74.6500015258789,189529
2020-03-24,74.5199966430664,74.62999725341797,72.68000030517578,73.44000244140625,73.44000244140625,78145
2020-03-24,73.55500030517578,73.80000305175781,71.61000061035156,72.48999786376953,72.48999786376953,137330
2020-03-24,72.5250015258789,74.5999984741211,72.08999633789062,74.0999984741211,74.0999984741211,161952
2020-03-24,74.20999908447266,74.83000183105469,73.83000183105469,74.5199966430664,74.5199966430664,352464
2020-03-25,75.43000030517578,78.95999908447266,74.8499984741211,78.36499786376953,78.36499786376953,290879
2020-03-25,78.2249984741211,80.77999877929688,78.19999694824219,80.48999786376953,80.48999786376953,259540
2020-03-25,80.38500213623047,82.8499984741211,79.48999786376953,82.8499984741211,82.8499984741211,207255
2020-03-25,82.66999816894531,84.83000183105469,81.7750015258789,83.83999633789062,83.83999633789062,299122
2020-03-25,83.9000015258789,84.33999633789062,80.51000213623047,82.4800033569336,82.4800033569336,309192
2020-03-25,82.4000015258789,84.44999694824219,81.16999816894531,83.69999694824219,83.69999694824219,256384
2020-03-25,83.69999694824219,84.37999725341797,79.94999694824219,80.5199966430664,80.5199966430664,424363
2020-03-26,82.8550033569336,83.52899932861328,78.27999877929688,81.54499816894531,81.54499816894531,271879
2020-03-26,81.66999816894531,82.7300033569336,80.19999694824219,81.72000122070312,81.72000122070312,118816
2020-03-26,81.79499816894531,83.73999786376953,81.47000122070312,81.91000366210938,81.91000366210938,130579
2020-03-26,82.0250015258789,82.25,80.71499633789062,81.30500030517578,81.30500030517578,127691
2020-03-26,81.23999786376953,82.41999816894531,80.7300033569336,82.09500122070312,82.09500122070312,151836
2020-03-26,82.1050033569336,83.80999755859375,82.1050033569336,83.80999755859375,83.80999755859375,144985
2020-03-26,83.76000213623047,84.55999755859375,82.33000183105469,83.9800033569336,83.9800033569336,304401
2020-03-27,81.61000061035156,82.47000122070312,78.58000183105469,80.42500305175781,80.42500305175781,128703
2020-03-27,80.56999969482422,82.69000244140625,80.12999725341797,81.16500091552734,81.16500091552734,101393
2020-03-27,81.1500015258789,81.61000061035156,79.38999938964844,80.44000244140625,80.44000244140625,110451
2020-03-27,80.34500122070312,81.6500015258789,80.18000030517578,80.64559936523438,80.64559936523438,90349
2020-03-27,80.56999969482422,82.51000213623047,80.56999969482422,81.5199966430664,81.5199966430664,131257
2020-03-27,81.51000213623047,83.77999877929688,81.27999877929688,83.48500061035156,83.48500061035156,161577
2020-03-27,83.33000183105469,83.41000366210938,81.33000183105469,81.91000366210938,81.91000366210938,228310
2020-03-30,81.25,83.7699966430664,81.0199966430664,82.55999755859375,82.55999755859375,125270
2020-03-30,82.62000274658203,84.68000030517578,82.51000213623047,84.19000244140625,84.19000244140625,142381
2020-03-30,84.43000030517578,85.08499908447266,83.6500015258789,84.62999725341797,84.62999725341797,130308
2020-03-30,84.51000213623047,84.8550033569336,83.9000015258789,84.82499694824219,84.82499694824219,67387
2020-03-30,84.87000274658203,85.0,83.69000244140625,84.51000213623047,84.51000213623047,121403
2020-03-30,84.58999633789062,85.27999877929688,83.86000061035156,84.37999725341797,84.37999725341797,155727
2020-03-30,84.46499633789062,86.12000274658203,84.37000274658203,85.62999725341797,85.62999725341797,283005
2020-03-31,85.6500015258789,86.77999877929688,84.33000183105469,85.98999786376953,85.98999786376953,283405
2020-03-31,86.06289672851562,87.56999969482422,85.80000305175781,87.5,87.5,121624
2020-03-31,87.5999984741211,88.08000183105469,86.3499984741211,86.70999908447266,86.70999908447266,159722
2020-03-31,86.76000213623047,87.79000091552734,85.54499816894531,86.08999633789062,86.08999633789062,193724
2020-03-31,86.08999633789062,87.12000274658203,85.72000122070312,86.69000244140625,86.69000244140625,108560
2020-03-31,86.70999908447266,87.04000091552734,84.4800033569336,84.68000030517578,84.68000030517578,196866
2020-03-31,84.67500305175781,85.08999633789062,83.04000091552734,84.04000091552734,84.04000091552734,454465
2020-04-01,79.05000305175781,79.9800033569336,78.0199966430664,79.18000030517578,79.18000030517578,116326
2020-04-01,79.12000274658203,79.87000274658203,78.30000305175781,78.41999816894531,78.41999816894531,106050
2020-04-01,78.36000061035156,78.75499725341797,77.58000183105469,77.58000183105469,77.58000183105469,104709
2020-04-01,77.75,78.48999786376953,77.08000183105469,78.30999755859375,78.30999755859375,104311
2020-04-01,78.25,79.97000122070312,78.18499755859375,79.55999755859375,79.55999755859375,144154
2020-04-01,79.625,79.625,78.48999786376953,78.83999633789062,78.83999633789062,136784
2020-04-01,78.83999633789062,80.5199966430664,78.12000274658203,79.98999786376953,79.98999786376953,315962
2020-04-02,79.77999877929688,81.26000213623047,79.23999786376953,80.88929748535156,80.88929748535156,84472
2020-04-02,81.02999877929688,82.23999786376953,80.01000213623047,80.53500366210938,80.53500366210938,132557
2020-04-02,80.55500030517578,80.8499984741211,80.16999816894531,80.41999816894531,80.41999816894531,277482
2020-04-02,80.41000366210938,80.91000366210938,79.02999877929688,79.12999725341797,79.12999725341797,109774
2020-04-02,79.12999725341797,79.66999816894531,78.01000213623047,79.02999877929688,79.02999877929688,110133
2020-04-02,78.87999725341797,79.5199966430664,78.16999816894531,79.37999725341797,79.37999725341797,118432
2020-04-02,79.30999755859375,80.88999938964844,78.97000122070312,80.41000366210938,80.41000366210938,338477
2020-04-03,80.36000061035156,81.2300033569336,78.93000030517578,79.02999877929688,79.02999877929688,120725
2020-04-03,79.0199966430664,79.20999908447266,77.5999984741211,78.0250015258789,78.0250015258789,106200
2020-04-03,77.91999816894531,78.11000061035156,76.83999633789062,77.33000183105469,77.33000183105469,209571
2020-04-03,77.45999908447266,78.44999694824219,77.27999877929688,77.69999694824219,77.69999694824219,104951
2020-04-03,77.58999633789062,78.13999938964844,77.27999877929688,77.98999786376953,77.98999786376953,71167
2020-04-03,77.94999694824219,77.98999786376953,76.91999816894531,77.20999908447266,77.20999908447266,162686
2020-04-03,77.16000366210938,77.93000030517578,76.83000183105469,77.30999755859375,77.30999755859375,231552
2020-04-06,81.75,84.72000122070312,81.41999816894531,83.95999908447266,83.95999908447266,185475
2020-04-06,83.94999694824219,84.12000274658203,83.16000366210938,83.79000091552734,83.79000091552734,176834
2020-04-06,83.8499984741211,85.25,83.44000244140625,85.1500015258789,85.1500015258789,97098
2020-04-06,85.12000274658203,85.4800033569336,83.88999938964844,84.08999633789062,84.08999633789062,130823
2020-04-06,84.12999725341797,84.80999755859375,83.33699798583984,83.70999908447266,83.70999908447266,151289
2020-04-06,83.73999786376953,84.16000366210938,83.16000366210938,84.12000274658203,84.12000274658203,178006
2020-04-06,84.08999633789062,85.43000030517578,83.88999938964844,84.69999694824219,84.69999694824219,264710
2020-04-07,88.95999908447266,89.94000244140625,86.91000366210938,87.18499755859375,87.18499755859375,172156
2020-04-07,87.23999786376953,88.26499938964844,87.01000213623047,87.82499694824219,87.82499694824219,132399
2020-04-07,87.8499984741211,88.91000366210938,87.59500122070312,88.5,88.5,161273
2020-04-07,88.66000366210938,89.27999877929688,88.2750015258789,88.52999877929688,88.52999877929688,102052
2020-04-07,88.41999816894531,88.62999725341797,87.12000274658203,87.55500030517578,87.55500030517578,94746
2020-04-07,87.48999786376953,87.80500030517578,85.6500015258789,85.95999908447266,85.95999908447266,161234
2020-04-07,85.98999786376953,87.41999816894531,85.06999969482422,85.44999694824219,85.44999694824219,326149
2020-04-08,86.37999725341797,86.98999786376953,85.29000091552734,86.05999755859375,86.05999755859375,84430
2020-04-08,86.1990966796875,87.91999816894531,86.12000274658203,87.83999633789062,87.83999633789062,58442
2020-04-08,87.94000244140625,88.38999938964844,87.55000305175781,87.87000274658203,87.87000274658203,48111
2020-04-08,87.87000274658203,88.70999908447266,87.8550033569336,88.44499969482422,88.44499969482422,58635
2020-04-08,88.48500061035156,89.1897964477539,87.93000030517578,89.11000061035156,89.11000061035156,74714
2020-04-08,89.19999694824219,89.80999755859375,88.73999786376953,89.33499908447266,89.33499908447266,133034
2020-04-08,89.36000061035156,90.05000305175781,88.79000091552734,89.44999694824219,89.44999694824219,257932
2020-04-09,90.39009857177734,92.5199966430664,90.39009857177734,92.11000061035156,92.11000061035156,114600
2020-04-09,92.21499633789062,93.0999984741211,90.0,90.5250015258789,90.5250015258789,100833
2020-04-09,90.5250015258789,91.01000213623047,90.19000244140625,90.74500274658203,90.74500274658203,80991
2020-04-09,90.83000183105469,91.4800033569336,90.63999938964844,91.41999816894531,91.41999816894531,59043
2020-04-09,91.47000122070312,91.7300033569336,89.7699966430664,89.80999755859375,89.80999755859375,77320
2020-04-09,89.7699966430664,90.20999908447266,88.97000122070312,89.9800033569336,89.9800033569336,126740
2020-04-09,90.0,90.3499984741211,88.76000213623047,89.33000183105469,89.33000183105469,409062
2020-04-13,90.30000305175781,90.5,85.81999969482422,86.0,86.0,104826
2020-04-13,85.93000030517578,86.25,84.83999633789062,85.87000274658203,85.87000274658203,74902
2020-04-13,85.87000274658203,86.75,85.44000244140625,86.16999816894531,86.16999816894531,95621
2020-04-13,86.1500015258789,86.2300033569336,85.31999969482422,85.63999938964844,85.63999938964844,61766
2020-04-13,85.51000213623047,86.56999969482422,85.51000213623047,85.7699966430664,85.7699966430664,75303
2020-04-13,85.81500244140625,86.20999908447266,85.44999694824219,86.20999908447266,86.20999908447266,115269
2020-04-13,86.12999725341797,86.6500015258789,86.05000305175781,86.29000091552734,86.29000091552734,207716
2020-04-14,88.5199966430664,89.02999877929688,87.7300033569336,87.88500213623047,87.88500213623047,190134
2020-04-14,87.86000061035156,87.91999816894531,86.54000091552734,87.16000366210938,87.16000366210938,86831
2020-04-14,87.12000274658203,87.66000366210938,86.68000030517578,87.45999908447266,87.45999908447266,135620
2020-04-14,87.47000122070312,87.55999755859375,86.45999908447266,86.875,86.875,107704
2020-04-14,86.91999816894531,87.91999816894531,86.87999725341797,87.61000061035156,87.61000061035156,100881
2020-04-14,87.63999938964844,87.83999633789062,87.05999755859375,87.5199966430664,87.5199966430664,123303
2020-04-14,87.5199966430664,88.05999755859375,87.47000122070312,87.77999877929688,87.77999877929688,180172
2020-04-15,85.5999984741211,85.73529815673828,83.38999938964844,83.51000213623047,83.51000213623047,127136
2020-04-15,83.37000274658203,83.56500244140625,81.51000213623047,81.81999969482422,81.81999969482422,98860
2020-04-15,82.0,82.97000122070312,81.95999908447266,82.69349670410156,82.69349670410156,72473
2020-04-15,82.77999877929688,84.87999725341797,82.77999877929688,84.25,84.25,116211
2020-04-15,84.2300033569336,84.58000183105469,83.66999816894531,84.58000183105469,84.58000183105469,84966
2020-04-15,84.5999984741211,84.94499969482422,84.27999877929688,84.44000244140625,84.44000244140625,115786
2020-04-15,84.43000030517578,84.76000213623047,84.11499786376953,84.43000030517578,84.43000030517578,173010
2020-04-16,84.03500366210938,84.55000305175781,82.5,83.18000030517578,83.18000030517578,59618
2020-04-16,83.18000030517578,83.33999633789062,82.1500015258789,82.8949966430664,82.8949966430664,124961
2020-04-16,82.9000015258789,83.79000091552734,82.1449966430664,82.27860260009766,82.27860260009766,79496
2020-04-16,82.19999694824219,82.91999816894531,81.8550033569336,82.91999816894531,82.91999816894531,76448
2020-04-16,82.94000244140625,83.61499786376953,82.66500091552734,83.2300033569336,83.2300033569336,72341
2020-04-16,83.16000366210938,83.73999786376953,83.16000366210938,83.67009735107422,83.67009735107422,89284
2020-04-16,83.69000244140625,84.38999938964844,83.56999969482422,84.16999816894531,84.16999816894531,214064
2020-04-17,87.0999984741211,89.06500244140625,86.94499969482422,88.01000213623047,88.01000213623047,156154
2020-04-17,88.05999755859375,88.5250015258789,87.61000061035156,87.94499969482422,87.94499969482422,77710
2020-04-17,88.05999755859375,88.55000305175781,87.81999969482422,87.94999694824219,87.94999694824219,81836
2020-04-17,87.9800033569336,88.7300033569336,87.88999938964844,88.29000091552734,88.29000091552734,66775
2020-04-17,88.30000305175781,88.76000213623047,88.09500122070312,88.22000122070312,88.22000122070312,65728
2020-04-17,88.16000366210938,88.30999755859375,87.8499984741211,88.30999755859375,88.30999755859375,95763
2020-04-17,88.29000091552734,89.0,88.16999816894531,88.38500213623047,88.38500213623047,219573
2020-04-20,84.6500015258789,85.94000244140625,83.8949966430664,85.7300033569336,85.7300033569336,198257
2020-04-20,85.73999786376953,87.33000183105469,85.69999694824219,86.36000061035156,86.36000061035156,102108
2020-04-20,86.30000305175781,86.88999938964844,86.0,86.6500015258789,86.6500015258789,77594
2020-04-20,86.63919830322266,87.0,86.19499969482422,86.25499725341797,86.25499725341797,70028
2020-04-20,86.20999908447266,86.4000015258789,85.30999755859375,85.37000274658203,85.37000274658203,67408
2020-04-20,85.31999969482422,85.87000274658203,85.0,85.70999908447266,85.70999908447266,88005
2020-04-20,85.62999725341797,86.30000305175781,85.57499694824219,85.77999877929688,85.77999877929688,171239
2020-04-21,86.70999908447266,89.41999816894531,84.13999938964844,85.13999938964844,85.13999938964844,366411
2020-04-21,85.16000366210938,85.54000091552734,84.47000122070312,85.05999755859375,85.05999755859375,152453
2020-04-21,85.0199966430664,85.4000015258789,84.19000244140625,84.20500183105469,84.20500183105469,121730
2020-04-21,84.17120361328125,84.71499633789062,83.72820281982422,84.70500183105469,84.70500183105469,115663
2020-04-21,84.7300033569336,85.44999694824219,84.48999786376953,85.01000213623047,85.01000213623047,207251
2020-04-21,84.98320007324219,85.30999755859375,84.58000183105469,84.80999755859375,84.80999755859375,232442
2020-04-21,84.83000183105469,84.90679931640625,84.16000366210938,84.41999816894531,84.41999816894531,374757
2020-04-22,86.80999755859375,87.9800033569336,85.87999725341797,86.31999969482422,86.31999969482422,184413
2020-04-22,86.2699966430664,86.55000305175781,85.41000366210938,85.66000366210938,85.66000366210938,140311
2020-04-22,85.70999908447266,86.5199966430664,85.66000366210938,86.45999908447266,86.45999908447266,126456
2020-04-22,86.44999694824219,86.62000274658203,85.9800033569336,86.45999908447266,86.45999908447266,112554
2020-04-22,86.48999786376953,86.5,85.91999816894531,86.12000274658203,86.12000274658203,133994
2020-04-22,86.11000061035156,86.38999938964844,85.88999938964844,86.38999938964844,86.38999938964844,190608
2020-04-22,86.36000061035156,86.69999694824219,86.08000183105469,86.31999969482422,86.31999969482422,336233
2020-04-23,87.38999938964844,88.05999755859375,86.87000274658203,87.75,87.75,78012
2020-04-23,87.8499984741211,89.26000213623047,87.8499984741211,89.08000183105469,89.08000183105469,107100
2020-04-23,89.06999969482422,89.16999816894531,88.18000030517578,89.06999969482422,89.06999969482422,68994
2020-04-23,89.0999984741211,89.26000213623047,87.55000305175781,88.16999816894531,88.16999816894531,81236
2020-04-23,88.1500015258789,88.43000030517578,87.55999755859375,88.19999694824219,88.19999694824219,72729
2020-04-23,88.12999725341797,88.62999725341797,87.68009948730469,88.01000213623047,88.01000213623047,85860
2020-04-23,88.00499725341797,88.82499694824219,87.81999969482422,87.95999908447266,87.95999908447266,228725
2020-04-24,88.8499984741211,88.88999938964844,87.23999786376953,88.5,88.5,112478
2020-04-24,88.45999908447266,89.12999725341797,88.29000091552734,88.44000244140625,88.44000244140625,161377
2020-04-24,88.47000122070312,89.0199966430664,88.37999725341797,89.0199966430664,89.0199966430664,94611
2020-04-24,89.0250015258789,89.62999725341797,88.91999816894531,89.62999725341797,89.62999725341797,105031
2020-04-24,89.61430358886719,90.63999938964844,89.61430358886719,90.62999725341797,90.62999725341797,98691
2020-04-24,90.61000061035156,91.1500015258789,90.5999984741211,91.12000274658203,91.12000274658203,111329
2020-04-24,91.15499877929688,91.4000015258789,90.80000305175781,91.01000213623047,91.01000213623047,214282
2020-04-27,91.4000015258789,92.5999984741211,91.30000305175781,92.3499984741211,92.3499984741211,113238
2020-04-27,92.41999816894531,92.66000366210938,91.5999984741211,91.99299621582031,91.99299621582031,123314
2020-04-27,91.97000122070312,92.37000274658203,91.7699966430664,92.30000305175781,92.30000305175781,81260
2020-04-27,92.33000183105469,92.63999938964844,92.01000213623047,92.47899627685547,92.47899627685547,96510
2020-04-27,92.41000366210938,93.01000213623047,92.18309783935547,92.94000244140625,92.94000244140625,103570
2020-04-27,92.90499877929688,93.61000061035156,92.83000183105469,93.3499984741211,93.3499984741211,85500
2020-04-27,93.3499984741211,93.69000244140625,93.0999984741211,93.30999755859375,93.30999755859375,204283
2020-04-28,95.0,95.83499908447266,94.69000244140625,95.31999969482422,95.31999969482422,109843
2020-04-28,95.29550170898438,95.39800262451172,93.86000061035156,94.36000061035156,94.36000061035156,65289
2020-04-28,94.31999969482422,94.91999816894531,94.29000091552734,94.45999908447266,94.45999908447266,54214
2020-04-28,94.44999694824219,95.12000274658203,94.33000183105469,95.12000274658203,95.12000274658203,47292
2020-04-28,95.04000091552734,95.80999755859375,94.9531021118164,95.58000183105469,95.58000183105469,57101
2020-04-28,95.5999984741211,95.69000244140625,95.1500015258789,95.5,95.5,76244
2020-04-28,95.44999694824219,95.5999984741211,94.66000366210938,94.94000244140625,94.94000244140625,207909
2020-04-29,97.68000030517578,97.7300033569336,95.91999816894531,96.12999725341797,96.12999725341797,120579
2020-04-29,96.125,97.38040161132812,96.0999984741211,97.37200164794922,97.37200164794922,50908
2020-04-29,97.30000305175781,97.33999633789062,96.5199966430664,96.99500274658203,96.99500274658203,49862
2020-04-29,97.0,97.87000274658203,97.0,97.37999725341797,97.37999725341797,38244
2020-04-29,97.44000244140625,97.45999908447266,96.0,96.0,96.0,95487
2020-04-29,96.05000305175781,97.06999969482422,95.9000015258789,97.05000305175781,97.05000305175781,153082
2020-04-29,97.06999969482422,97.2300033569336,96.2300033569336,96.30999755859375,96.30999755859375,185751
2020-04-30,94.18250274658203,94.30999755859375,93.02999877929688,94.30999755859375,94.30999755859375,126020
2020-04-30,94.37000274658203,94.51000213623047,93.30999755859375,93.3499984741211,93.3499984741211,88631
2020-04-30,93.33499908447266,93.55999755859375,92.55149841308594,92.75,92.75,93770
2020-04-30,92.7699966430664,94.13999938964844,92.36000061035156,93.55999755859375,93.55999755859375,107831
2020-04-30,93.55000305175781,93.6500015258789,93.06999969482422,93.54000091552734,93.54000091552734,81353
2020-04-30,93.58000183105469,94.08000183105469,93.13999938964844,93.97000122070312,93.97000122070312,103592
2020-04-30,94.05999755859375,94.1500015258789,93.66000366210938,93.80000305175781,93.80000305175781,319196
2020-05-01,91.51000213623047,92.56999969482422,90.62999725341797,90.97000122070312,90.97000122070312,81261
2020-05-01,91.0999984741211,91.5,90.56500244140625,90.6050033569336,90.6050033569336,121382
2020-05-01,90.61000061035156,90.94999694824219,90.34500122070312,90.69000244140625,90.69000244140625,121013
2020-05-01,90.6500015258789,90.91999816894531,90.44999694824219,90.91999816894531,90.91999816894531,72497
2020-05-01,90.94000244140625,91.12000274658203,90.51000213623047,91.08499908447266,91.08499908447266,62244
2020-05-01,91.04000091552734,91.44999694824219,90.91999816894531,91.22000122070312,91.22000122070312,82747
2020-05-01,91.23999786376953,91.5,91.07499694824219,91.38999938964844,91.38999938964844,211106
2020-05-04,90.45999908447266,90.80000305175781,89.1500015258789,90.11499786376953,90.11499786376953,144446
2020-05-04,89.98999786376953,90.23999786376953,89.58999633789062,89.91000366210938,89.91000366210938,93223
2020-05-04,89.9000015258789,91.02999877929688,89.9000015258789,91.02999877929688,91.02999877929688,66063
2020-05-04,91.04000091552734,91.11000061035156,90.54000091552734,90.76000213623047,90.76000213623047,84098
2020-05-04,90.7300033569336,91.01000213623047,90.44000244140625,90.5,90.5,70496
2020-05-04,90.51000213623047,90.66000366210938,89.9636001586914,90.56999969482422,90.56999969482422,135609
2020-05-04,90.54000091552734,90.84500122070312,90.4800033569336,90.62999725341797,90.62999725341797,210852
2020-05-05,91.9800033569336,93.04000091552734,91.76000213623047,91.9800033569336,91.9800033569336,132457
2020-05-05,92.02999877929688,92.91000366210938,91.62999725341797,92.9000015258789,92.9000015258789,83300
2020-05-05,93.01000213623047,93.5999984741211,92.93000030517578,93.43000030517578,93.43000030517578,73168
2020-05-05,93.43399810791016,93.4800033569336,92.7300033569336,92.83999633789062,92.83999633789062,61468
2020-05-05,92.88999938964844,93.3499984741211,92.87999725341797,93.0199966430664,93.0199966430664,72837
2020-05-05,93.0,93.08000183105469,92.18000030517578,92.2699966430664,92.2699966430664,83930
2020-05-05,92.30000305175781,92.37999725341797,91.79000091552734,91.83000183105469,91.83000183105469,158551
2020-05-06,91.87999725341797,92.1500015258789,90.21600341796875,90.94000244140625,90.94000244140625,64647
2020-05-06,91.08000183105469,91.65889739990234,90.5199966430664,90.72000122070312,90.72000122070312,41514
2020-05-06,90.83000183105469,90.9000015258789,90.2699966430664,90.79000091552734,90.79000091552734,67026
2020-05-06,90.81999969482422,91.0199966430664,90.44000244140625,90.66000366210938,90.66000366210938,44033
2020-05-06,90.69000244140625,91.12259674072266,90.37000274658203,90.37000274658203,90.37000274658203,54374
2020-05-06,90.41999816894531,90.86000061035156,90.30999755859375,90.56999969482422,90.56999969482422,57451
2020-05-06,90.52999877929688,90.52999877929688,90.23999786376953,90.33999633789062,90.33999633789062,116580
2020-05-07,91.73999786376953,92.52999877929688,91.18499755859375,91.30999755859375,91.30999755859375,71870
2020-05-07,91.2699966430664,91.7300033569336,90.81999969482422,91.2699966430664,91.2699966430664,63720
2020-05-07,91.33000183105469,91.62000274658203,91.06999969482422,91.2699966430664,91.2699966430664,64028
2020-05-07,91.25,91.33999633789062,90.62000274658203,91.30999755859375,91.30999755859375,71335
2020-05-07,91.29499816894531,91.7300033569336,91.2699966430664,91.4800033569336,91.4800033569336,68269
2020-05-07,91.49500274658203,91.49500274658203,90.83000183105469,91.26000213623047,91.26000213623047,81632
2020-05-07,91.30000305175781,91.36000061035156,90.7699966430664,91.05999755859375,91.05999755859375,79362
2020-05-08,92.87999725341797,93.5,92.33499908447266,92.8499984741211,92.8499984741211,46629
2020-05-08,92.83999633789062,93.05999755859375,92.23999786376953,92.73999786376953,92.73999786376953,31734
2020-05-08,92.7300033569336,92.87999725341797,91.69000244140625,91.75,91.75,63299
2020-05-08,91.79000091552734,92.02999877929688,91.6500015258789,91.93000030517578,91.93000030517578,62909
2020-05-08,91.90599822998047,92.05000305175781,91.31999969482422,91.81999969482422,91.81999969482422,76560
2020-05-08,91.81999969482422,92.0999984741211,91.45999908447266,92.04000091552734,92.04000091552734,103346
2020-05-08,92.05000305175781,92.25,91.9749984741211,92.2300033569336,92.2300033569336,143020
2020-05-11,90.77999877929688,91.18000030517578,89.63999938964844,90.01000213623047,90.01000213623047,66188
2020-05-11,89.94999694824219,90.37000274658203,89.7300033569336,90.0,90.0,40681
2020-05-11,89.97000122070312,90.58000183105469,89.94999694824219,90.58000183105469,90.58000183105469,41275
2020-05-11,90.58499908447266,91.05000305175781,90.43000030517578,90.95999908447266,90.95999908447266,63776
2020-05-11,90.9800033569336,91.08499908447266,90.55999755859375,90.56999969482422,90.56999969482422,66271
2020-05-11,90.66999816894531,91.4000015258789,90.5999984741211,91.33999633789062,91.33999633789062,80969
2020-05-11,91.29000091552734,91.37000274658203,90.7699966430664,90.83999633789062,90.83999633789062,167245
2020-05-12,91.19000244140625,91.7300033569336,89.8499984741211,89.86000061035156,89.86000061035156,80614
2020-05-12,89.86399841308594,89.99500274658203,89.5999984741211,89.70999908447266,89.70999908447266,54503
2020-05-12,89.75,89.9000015258789,89.30999755859375,89.31999969482422,89.31999969482422,0
2020-05-12,89.2750015258789,89.5,88.6500015258789,88.66999816894531,88.66999816894531,121882
2020-05-12,88.6624984741211,88.80999755859375,87.9749984741211,88.0999984741211,88.0999984741211,67859
2020-05-12,88.05999755859375,88.30999755859375,87.58000183105469,87.6449966430664,87.6449966430664,98436
2020-05-12,87.65499877929688,87.76000213623047,86.70999908447266,86.73999786376953,86.73999786376953,188067
2020-05-13,86.44999694824219,86.58000183105469,84.68000030517578,85.73500061035156,85.73500061035156,119744
2020-05-13,85.79000091552734,86.16500091552734,83.58999633789062,84.0199966430664,84.0199966430664,83033
2020-05-13,84.0199966430664,84.19000244140625,83.44000244140625,83.77999877929688,83.77999877929688,62969
2020-05-13,83.94000244140625,84.3499984741211,83.61000061035156,84.0999984741211,84.0999984741211,54606
2020-05-13,84.05999755859375,84.0999984741211,83.26000213623047,83.30000305175781,83.30000305175781,59055
2020-05-13,83.30000305175781,83.58000183105469,82.66999816894531,82.9000015258789,82.9000015258789,0
2020-05-13,82.86000061035156,83.66000366210938,82.86000061035156,83.41999816894531,83.41999816894531,638590
2020-05-14,81.63999938964844,82.0199966430664,79.87000274658203,81.1449966430664,81.1449966430664,136928
2020-05-14,81.23999786376953,83.88999938964844,81.23999786376953,82.83999633789062,82.83999633789062,130007
2020-05-14,82.86499786376953,83.77999877929688,82.11209869384766,83.54000091552734,83.54000091552734,75411
2020-05-14,83.58999633789062,84.7300033569336,83.44000244140625,84.6500015258789,84.6500015258789,0
2020-05-14,84.61000061035156,84.69999694824219,83.71499633789062,84.08999633789062,84.08999633789062,247816
2020-05-14,84.13999938964844,85.0999984741211,83.62999725341797,84.91999816894531,84.91999816894531,104469
2020-05-14,84.94999694824219,85.79000091552734,84.63999938964844,85.44000244140625,85.44000244140625,171108
2020-05-15,84.81999969482422,85.4197998046875,84.0999984741211,85.02130126953125,85.02130126953125,100082
2020-05-15,84.87000274658203,85.12000274658203,84.2699966430664,84.70999908447266,84.70999908447266,90266
2020-05-15,84.7300033569336,85.74500274658203,84.55999755859375,85.5999984741211,85.5999984741211,61853
2020-05-15,85.63999938964844,85.76000213623047,85.0199966430664,85.37999725341797,85.37999725341797,53330
2020-05-15,85.32499694824219,85.69999694824219,85.20999908447266,85.63999938964844,85.63999938964844,65098
2020-05-15,85.6500015258789,85.6500015258789,84.5199966430664,84.62999725341797,84.62999725341797,162385
2020-05-15,84.70999908447266,85.05000305175781,84.2300033569336,84.98999786376953,84.98999786376953,135568
2020-05-18,88.93000030517578,90.30999755859375,88.26000213623047,89.52999877929688,89.52999877929688,102079
2020-05-18,89.58000183105469,90.81999969482422,89.52999877929688,90.69999694824219,90.69999694824219,77513
2020-05-18,90.75,90.8375015258789,90.16999816894531,90.6500015258789,90.6500015258789,77656
2020-05-18,90.62000274658203,91.06999969482422,90.4800033569336,90.94999694824219,90.94999694824219,54371
2020-05-18,91.0,91.16000366210938,90.5,90.75,90.75,74678
2020-05-18,90.75,91.22000122070312,90.75,91.05000305175781,91.05000305175781,77352
2020-05-18,91.04000091552734,91.31500244140625,90.37999725341797,90.5199966430664,90.5199966430664,227970
2020-05-19,90.12000274658203,90.58999633789062,88.80000305175781,89.91999816894531,89.91999816894531,82577
2020-05-19,89.93000030517578,91.17500305175781,89.62999725341797,91.13999938964844,91.13999938964844,91252
2020-05-19,91.0999984741211,91.29000091552734,90.83000183105469,91.08000183105469,91.08000183105469,57278
2020-05-19,91.12000274658203,91.30999755859375,90.86000061035156,90.91000366210938,90.91000366210938,68310
2020-05-19,90.91999816894531,91.2699966430664,90.7300033569336,91.2699966430664,91.2699966430664,86135
2020-05-19,91.2699966430664,91.37999725341797,90.4000015258789,90.86000061035156,90.86000061035156,105879
2020-05-19,90.80999755859375,90.87000274658203,89.52999877929688,89.55999755859375,89.55999755859375,155237
2020-05-20,91.91000366210938,92.48999786376953,91.19000244140625,92.37999725341797,92.37999725341797,111092
2020-05-20,92.4000015258789,92.5,91.5999984741211,92.0199966430664,92.0199966430664,46746
2020-05-20,92.06999969482422,92.20999908447266,91.45999908447266,91.70999908447266,91.70999908447266,53189
2020-05-20,91.69999694824219,91.8499984741211,91.12000274658203,91.18000030517578,91.18000030517578,35657
2020-05-20,91.19999694824219,91.31999969482422,90.84500122070312,91.20999908447266,91.20999908447266,39278
2020-05-20,91.19000244140625,91.41999816894531,90.92500305175781,91.19999694824219,91.19999694824219,46761
2020-05-20,91.22000122070312,91.33000183105469,90.8499984741211,91.01000213623047,91.01000213623047,86460
2020-05-21,90.62000274658203,91.7699966430664,90.62000274658203,91.37999725341797,91.37999725341797,63716
2020-05-21,91.2300033569336,91.45999908447266,90.54000091552734,90.6500015258789,90.6500015258789,57190
2020-05-21,90.83000183105469,91.38999938964844,90.73999786376953,91.19000244140625,91.19000244140625,47260
2020-05-21,91.1500015258789,91.41999816894531,90.94999694824219,91.19000244140625,91.19000244140625,57807
2020-05-21,91.23999786376953,91.41999816894531,91.0999984741211,91.33999633789062,91.33999633789062,44797
2020-05-21,91.3499984741211,91.41000366210938,90.79000091552734,90.93000030517578,90.93000030517578,82564
2020-05-21,90.90499877929688,91.0199966430664,90.69000244140625,90.86000061035156,90.86000061035156,136334
2020-05-22,91.04000091552734,91.04000091552734,89.77999877929688,89.87999725341797,89.87999725341797,66017
2020-05-22,89.88999938964844,90.05000305175781,89.13999938964844,89.22000122070312,89.22000122070312,95519
2020-05-22,89.26000213623047,89.54000091552734,89.12999725341797,89.46649932861328,89.46649932861328,76362
2020-05-22,89.51499938964844,89.62999725341797,89.33000183105469,89.38999938964844,89.38999938964844,64018
2020-05-22,89.4000015258789,89.7300033569336,89.31999969482422,89.62000274658203,89.62000274658203,70390
2020-05-22,89.62000274658203,89.6500015258789,89.20999908447266,89.3499984741211,89.3499984741211,80631
2020-05-22,89.3499984741211,89.88999938964844,89.16000366210938,89.7699966430664,89.7699966430664,334038
2020-05-26,92.83000183105469,94.68000030517578,92.30000305175781,94.41999816894531,94.41999816894531,123396
2020-05-26,94.43499755859375,95.58999633789062,94.408203125,95.2300033569336,95.2300033569336,100960
2020-05-26,95.20999908447266,95.63999938964844,94.9749984741211,95.55999755859375,95.55999755859375,104453
2020-05-26,95.5199966430664,95.8499984741211,95.44000244140625,95.72000122070312,95.72000122070312,101751
2020-05-26,95.71499633789062,95.80999755859375,95.16999816894531,95.2699966430664,95.2699966430664,90473
2020-05-26,95.26000213623047,95.74500274658203,95.26000213623047,95.56999969482422,95.56999969482422,108239
2020-05-26,95.55999755859375,95.6500015258789,94.55999755859375,94.72000122070312,94.72000122070312,216979
2020-05-27,97.13999938964844,97.87999725341797,96.66999816894531,97.08999633789062,97.08999633789062,81595
2020-05-27,97.12000274658203,97.12999725341797,95.76000213623047,96.36000061035156,96.36000061035156,78638
2020-05-27,96.4000015258789,96.55000305175781,95.66500091552734,95.70999908447266,95.70999908447266,74310
2020-05-27,95.71099853515625,96.30000305175781,95.54000091552734,96.08499908447266,96.08499908447266,66422
2020-05-27,96.11000061035156,96.69000244140625,96.05000305175781,96.4000015258789,96.4000015258789,113764
2020-05-27,96.37999725341797,96.73400115966797,96.2249984741211,96.69999694824219,96.69999694824219,104139
2020-05-27,96.68000030517578,97.27999877929688,96.55500030517578,97.26000213623047,97.26000213623047,197032
2020-05-28,98.0,98.06999969482422,95.88890075683594,96.90499877929688,96.90499877929688,132420
2020-05-28,96.91500091552734,97.83000183105469,96.7300033569336,97.56999969482422,97.56999969482422,65661
2020-05-28,97.625,97.68000030517578,97.06999969482422,97.08999633789062,97.08999633789062,49554
2020-05-28,97.08999633789062,97.5,96.94999694824219,97.49500274658203,97.49500274658203,49979
2020-05-28,97.45999908447266,98.01499938964844,97.41999816894531,97.72000122070312,97.72000122070312,83460
2020-05-28,97.75,98.05999755859375,97.33999633789062,97.34149932861328,97.34149932861328,150205
2020-05-28,97.36000061035156,97.5,96.23999786376953,97.04000091552734,97.04000091552734,507896
2020-05-29,96.23999786376953,97.36000061035156,95.69000244140625,96.38999938964844,96.38999938964844,108410
2020-05-29,96.58000183105469,96.5999984741211,96.04000091552734,96.2699966430664,96.2699966430664,89808
2020-05-29,96.2300033569336,96.62000274658203,96.0459976196289,96.30000305175781,96.30000305175781,62265
2020-05-29,96.30500030517578,96.62000274658203,95.81999969482422,95.9749984741211,95.9749984741211,114185
2020-05-29,95.95999908447266,96.33000183105469,95.44029998779297,96.02999877929688,96.02999877929688,124617
2020-05-29,96.02999877929688,97.5999984741211,95.66000366210938,96.98999786376953,96.98999786376953,145411
2020-05-29,96.9800033569336,97.45999908447266,96.62999725341797,97.26499938964844,97.26499938964844,275796
2020-06-01,97.44000244140625,98.55999755859375,96.87999725341797,98.31999969482422,98.31999969482422,115525
2020-06-01,98.31999969482422,98.31999969482422,97.52999877929688,97.87999725341797,97.87999725341797,51007
2020-06-01,97.8949966430664,97.9800033569336,97.58999633789062,97.62999725341797,97.62999725341797,51327
2020-06-01,97.66999816894531,97.8499984741211,97.41999816894531,97.83000183105469,97.83000183105469,68519
2020-06-01,97.77999877929688,98.1449966430664,97.2300033569336,97.2699966430664,97.2699966430664,48958
2020-06-01,97.30000305175781,97.87999725341797,97.22000122070312,97.81999969482422,97.81999969482422,88429
2020-06-01,97.80999755859375,98.08000183105469,97.56999969482422,97.75,97.75,198805
2020-06-02,98.69000244140625,98.91500091552734,97.91999816894531,98.43000030517578,98.43000030517578,64108
2020-06-02,98.54000091552734,99.0999984741211,98.41000366210938,98.9800033569336,98.9800033569336,60787
2020-06-02,98.87000274658203,99.70500183105469,98.83999633789062,99.69000244140625,99.69000244140625,60318
2020-06-02,99.69000244140625,99.69000244140625,99.0999984741211,99.33000183105469,99.33000183105469,82579
2020-06-02,99.33000183105469,99.4000015258789,98.81500244140625,98.83999633789062,98.83999633789062,86624
2020-06-02,98.83499908447266,99.30000305175781,98.58000183105469,98.98999786376953,98.98999786376953,64359
2020-06-02,99.01000213623047,99.30999755859375,98.7750015258789,99.1500015258789,99.1500015258789,143875
2020-06-03,102.87999725341797,104.30999755859375,101.40499877929688,102.69000244140625,102.69000244140625,227968
2020-06-03,102.70999908447266,103.58039855957031,102.62000274658203,103.43000030517578,103.43000030517578,112912
2020-06-03,103.47000122070312,103.76000213623047,102.75,103.5,103.5,153482
2020-06-03,103.48999786376953,103.66999816894531,102.94999694824219,103.08999633789062,103.08999633789062,72732
2020-06-03,103.08499908447266,103.43900299072266,102.95999908447266,103.33999633789062,103.33999633789062,47901
2020-06-03,103.36000061035156,103.47000122070312,103.02999877929688,103.33000183105469,103.33000183105469,78897
2020-06-03,103.31999969482422,103.86000061035156,103.30000305175781,103.4800033569336,103.4800033569336,169770
2020-06-04,101.69000244140625,103.4000015258789,101.43000030517578,103.4000015258789,103.4000015258789,113425
2020-06-04,103.41000366210938,104.04000091552734,103.0,103.08000183105469,103.08000183105469,99537
2020-06-04,103.08000183105469,103.29000091552734,102.69000244140625,102.70999908447266,102.70999908447266,79016
2020-06-04,102.7300033569336,102.91000366210938,102.47000122070312,102.9000015258789,102.9000015258789,63038
2020-06-04,102.92500305175781,103.40499877929688,102.88999938964844,103.31999969482422,103.31999969482422,79362
2020-06-04,103.33999633789062,103.5,102.62999725341797,103.07499694824219,103.07499694824219,117591
2020-06-04,103.12339782714844,103.62999725341797,103.04000091552734,103.5199966430664,103.5199966430664,166988
2020-06-05,107.81999969482422,108.8499984741211,106.5199966430664,108.05999755859375,108.05999755859375,241311
2020-06-05,108.19400024414062,109.2300033569336,107.7300033569336,109.2300033569336,109.2300033569336,72203
2020-06-05,109.20999908447266,109.52999877929688,108.58999633789062,108.91999816894531,108.91999816894531,60931
2020-06-05,108.91000366210938,109.05339813232422,108.17749786376953,108.68000030517578,108.68000030517578,57463
2020-06-05,108.70500183105469,108.70500183105469,108.16999816894531,108.4800033569336,108.4800033569336,52001
2020-06-05,108.5,108.79000091552734,107.66999816894531,107.95500183105469,107.95500183105469,82230
2020-06-05,107.93000030517578,107.93000030517578,107.26000213623047,107.61000061035156,107.61000061035156,124519
2020-06-08,107.69000244140625,109.45999908447266,107.69000244140625,108.48999786376953,108.48999786376953,72025
2020-06-08,108.62000274658203,108.83000183105469,108.19499969482422,108.52999877929688,108.52999877929688,86414
2020-06-08,108.52999877929688,108.58999633789062,107.80500030517578,107.81500244140625,107.81500244140625,57234
2020-06-08,107.79000091552734,107.97540283203125,107.58000183105469,107.69999694824219,107.69999694824219,70077
2020-06-08,107.72000122070312,108.40499877929688,107.55000305175781,108.30500030517578,108.30500030517578,86526
2020-06-08,108.27999877929688,108.91000366210938,108.14399719238281,108.61000061035156,108.61000061035156,159408
2020-06-08,108.61499786376953,109.04000091552734,108.30000305175781,109.01000213623047,109.01000213623047,159563
2020-06-09,106.94999694824219,107.41000366210938,105.5199966430664,106.81999969482422,106.81999969482422,104284
2020-06-09,106.81999969482422,107.83999633789062,106.80000305175781,107.31999969482422,107.31999969482422,80550
2020-06-09,107.2699966430664,107.37999725341797,106.81999969482422,107.2300033569336,107.2300033569336,50100
2020-06-09,107.29000091552734,107.3499984741211,106.80000305175781,107.16999816894531,107.16999816894531,60076
2020-06-09,107.1500015258789,107.55999755859375,106.56999969482422,106.68499755859375,106.68499755859375,84153
2020-06-09,106.69000244140625,107.47000122070312,106.68499755859375,107.45999908447266,107.45999908447266,92632
2020-06-09,107.43000030517578,107.52999877929688,106.4801025390625,106.66999816894531,106.66999816894531,176247
2020-06-10,106.4000015258789,106.51000213623047,104.37000274658203,104.70999908447266,104.70999908447266,101880
2020-06-10,104.69000244140625,105.16000366210938,104.38099670410156,104.62000274658203,104.62000274658203,65708
2020-06-10,104.55999755859375,105.16000366210938,104.33999633789062,104.91000366210938,104.91000366210938,51504
2020-06-10,104.75,104.77999877929688,104.33000183105469,104.4000015258789,104.4000015258789,47603
2020-06-10,104.4000015258789,105.05999755859375,104.20999908447266,104.875,104.875,63191
2020-06-10,104.79499816894531,104.88999938964844,103.04000091552734,104.16500091552734,104.16500091552734,92349
2020-06-10,104.1500015258789,104.2300033569336,102.87000274658203,102.87000274658203,102.87000274658203,155810
2020-06-11,99.41999816894531,99.70999908447266,98.29000091552734,99.16999816894531,99.16999816894531,141736
2020-06-11,99.12000274658203,99.86000061035156,98.91000366210938,99.12999725341797,99.12999725341797,76859
2020-06-11,99.19000244140625,99.32499694824219,98.20999908447266,98.30000305175781,98.30000305175781,75132
2020-06-11,98.30000305175781,98.87000274658203,97.87000274658203,98.3499984741211,98.3499984741211,48944
2020-06-11,98.27999877929688,98.55000305175781,97.84500122070312,97.9800033569336,97.9800033569336,64399
2020-06-11,97.98999786376953,98.0199966430664,96.29000091552734,96.51000213623047,96.51000213623047,94770
2020-06-11,96.47000122070312,97.08000183105469,96.09400177001953,96.16000366210938,96.16000366210938,165948
2020-06-12,100.0999984741211,100.0999984741211,97.43499755859375,97.47000122070312,97.47000122070312,54674
2020-06-12,97.38999938964844,97.70999908447266,95.48999786376953,96.38999938964844,96.38999938964844,115798
2020-06-12,96.38999938964844,97.43000030517578,96.13500213623047,96.73999786376953,96.73999786376953,65378
2020-06-12,96.7300033569336,96.7300033569336,95.47000122070312,95.48999786376953,95.48999786376953,43745
2020-06-12,95.52999877929688,95.68000030517578,94.0,95.2300033569336,95.2300033569336,60782
2020-06-12,95.30999755859375,96.08000183105469,95.08499908447266,95.3499984741211,95.3499984741211,97471
2020-06-12,95.43000030517578,96.95500183105469,95.33000183105469,96.55999755859375,96.55999755859375,251629
2020-06-15,93.33000183105469,95.5199966430664,93.0199966430664,94.98999786376953,94.98999786376953,105233
2020-06-15,94.97000122070312,96.02999877929688,94.80500030517578,95.22000122070312,95.22000122070312,67027
2020-06-15,95.2300033569336,96.2300033569336,94.51000213623047,96.1449966430664,96.1449966430664,101388
2020-06-15,96.18000030517578,97.0,96.0199966430664,96.62000274658203,96.62000274658203,45422
2020-06-15,96.45999908447266,97.87000274658203,96.0,97.7699966430664,97.7699966430664,48691
2020-06-15,97.83000183105469,97.88999938964844,96.55000305175781,96.55000305175781,96.55000305175781,102514
2020-06-15,96.5999984741211,97.48999786376953,95.95999908447266,97.41000366210938,97.41000366210938,212081
2020-06-16,101.77999877929688,101.79000091552734,99.66000366210938,100.04000091552734,100.04000091552734,122122
2020-06-16,100.0999984741211,100.0999984741211,96.04000091552734,98.58000183105469,98.58000183105469,165925
2020-06-16,98.54000091552734,98.91089630126953,97.7750015258789,98.58999633789062,98.58999633789062,70151
2020-06-16,98.5199966430664,99.20999908447266,98.5199966430664,98.9800033569336,98.9800033569336,73869
2020-06-16,98.94000244140625,99.18000030517578,98.13999938964844,98.81999969482422,98.81999969482422,114779
2020-06-16,98.97000122070312,99.13999938964844,97.66999816894531,98.21499633789062,98.21499633789062,103183
2020-06-16,98.06999969482422,98.52999877929688,97.6500015258789,98.41999816894531,98.41999816894531,219989
2020-06-17,98.95999908447266,99.03500366210938,97.80000305175781,97.87999725341797,97.87999725341797,130635
2020-06-17,97.7300033569336,98.27999877929688,97.69999694824219,97.95999908447266,97.95999908447266,85872
2020-06-17,97.95999908447266,98.18000030517578,97.91999816894531,98.03500366210938,98.03500366210938,60752
2020-06-17,98.06999969482422,98.54000091552734,98.06999969482422,98.36499786376953,98.36499786376953,43413
2020-06-17,98.31999969482422,98.76000213623047,98.239501953125,98.36000061035156,98.36000061035156,69000
2020-06-17,98.36000061035156,98.5999984741211,97.55999755859375,97.63999938964844,97.63999938964844,128987
2020-06-17,97.63999938964844,97.82499694824219,97.41000366210938,97.76000213623047,97.76000213623047,221282
2020-06-18,96.72000122070312,98.44499969482422,96.12999725341797,98.29000091552734,98.29000091552734,122215
2020-06-18,98.33999633789062,98.5199966430664,97.69999694824219,97.98999786376953,97.98999786376953,70141
2020-06-18,97.98999786376953,98.1500015258789,97.54000091552734,97.77999877929688,97.77999877929688,62753
2020-06-18,97.76000213623047,98.20999908447266,97.44000244140625,97.93000030517578,97.93000030517578,55779
2020-06-18,97.91999816894531,98.26000213623047,97.58999633789062,97.80000305175781,97.80000305175781,54060
2020-06-18,97.80000305175781,97.98999786376953,97.09500122070312,97.41000366210938,97.41000366210938,97505
2020-06-18,97.43000030517578,97.58000183105469,97.01000213623047,97.3499984741211,97.3499984741211,136411
2020-06-19,99.1500015258789,99.15499877929688,97.86000061035156,98.08999633789062,98.08999633789062,0
2020-06-19,98.05999755859375,98.125,97.27999877929688,97.41999816894531,97.41999816894531,68368
2020-06-19,97.38500213623047,97.5999984741211,96.19999694824219,96.5199966430664,96.5199966430664,60461
2020-06-19,96.5250015258789,96.84500122070312,95.83999633789062,95.8499984741211,95.8499984741211,51058
2020-06-19,95.83999633789062,95.88999938964844,94.8927001953125,95.08999633789062,95.08999633789062,68858
2020-06-19,95.11000061035156,96.22000122070312,95.05000305175781,95.875,95.875,239262
2020-06-19,95.87000274658203,96.19000244140625,94.87000274658203,94.91000366210938,94.91000366210938,425895
2020-06-22,94.75,94.8550033569336,93.2699966430664,94.8550033569336,94.8550033569336,138925
2020-06-22,94.70999908447266,94.70999908447266,93.83000183105469,94.05000305175781,94.05000305175781,61366
2020-06-22,94.12000274658203,94.82499694824219,93.98999786376953,94.66999816894531,94.66999816894531,82164
2020-06-22,94.69000244140625,95.83999633789062,94.69000244140625,95.47000122070312,95.47000122070312,98403
2020-06-22,95.5199966430664,95.6332015991211,95.2699966430664,95.5,95.5,54703
2020-06-22,95.51000213623047,95.77999877929688,94.83999633789062,95.04000091552734,95.04000091552734,81299
2020-06-22,95.04000091552734,95.54000091552734,95.0,95.20999908447266,95.20999908447266,162361
2020-06-23,96.7300033569336,96.80000305175781,95.40499877929688,95.58999633789062,95.58999633789062,123023
2020-06-23,95.43000030517578,95.48249816894531,94.87999725341797,95.05999755859375,95.05999755859375,60873
2020-06-23,94.81999969482422,95.12999725341797,94.5199966430664,94.9354019165039,94.9354019165039,76431
2020-06-23,94.97000122070312,95.47000122070312,94.66999816894531,95.43000030517578,95.43000030517578,82705
2020-06-23,95.47000122070312,95.76499938964844,95.41000366210938,95.62999725341797,95.62999725341797,63235
2020-06-23,95.62000274658203,95.75,95.4000015258789,95.44000244140625,95.44000244140625,78797
2020-06-23,95.43000030517578,95.55000305175781,94.76000213623047,94.76000213623047,94.76000213623047,130050
2020-06-24,93.73999786376953,93.7699966430664,92.16000366210938,92.68000030517578,92.68000030517578,73246
2020-06-24,92.68000030517578,92.87000274658203,91.77999877929688,91.8499984741211,91.8499984741211,81232
2020-06-24,91.87999725341797,92.08000183105469,90.9800033569336,91.88999938964844,91.88999938964844,100602
2020-06-24,91.7699966430664,92.37999725341797,91.7300033569336,91.8550033569336,91.8550033569336,70046
2020-06-24,91.83000183105469,92.37999725341797,91.70999908447266,92.33000183105469,92.33000183105469,118103
2020-06-24,92.2699966430664,93.30000305175781,92.18000030517578,92.72000122070312,92.72000122070312,186216
2020-06-24,92.72000122070312,92.88999938964844,91.77999877929688,91.8499984741211,91.8499984741211,191178
2020-06-25,91.43000030517578,91.52999877929688,90.19999694824219,91.4800033569336,91.4800033569336,90504
2020-06-25,91.52999877929688,91.54000091552734,90.19999694824219,90.6500015258789,90.6500015258789,56597
2020-06-25,90.70999908447266,90.83000183105469,90.02999877929688,90.7699966430664,90.7699966430664,64223
2020-06-25,90.7699966430664,91.16999816894531,90.52999877929688,90.6449966430664,90.6449966430664,95510
2020-06-25,90.62999725341797,91.41999816894531,90.41999816894531,91.23999786376953,91.23999786376953,73261
2020-06-25,91.16999816894531,92.11000061035156,91.05999755859375,92.0,92.0,85305
2020-06-25,92.05000305175781,92.43000030517578,91.69999694824219,92.27999877929688,92.27999877929688,176533
2020-06-26,91.80000305175781,92.87000274658203,91.80000305175781,92.11000061035156,92.11000061035156,61160
2020-06-26,92.13999938964844,92.2699966430664,91.61499786376953,92.01000213623047,92.01000213623047,50945
2020-06-26,92.08000183105469,92.2300033569336,91.6500015258789,92.08000183105469,92.08000183105469,56832
2020-06-26,92.05000305175781,92.12000274658203,91.55999755859375,92.02999877929688,92.02999877929688,67230
2020-06-26,91.97000122070312,92.25,91.91999816894531,91.9800033569336,91.9800033569336,77790
2020-06-26,91.9749984741211,92.19000244140625,91.5999984741211,91.875,91.875,111476
2020-06-26,91.875,92.87999725341797,91.61000061035156,92.63999938964844,92.63999938964844,234135
2020-06-29,93.52999877929688,94.18000030517578,93.0199966430664,94.12999725341797,94.12999725341797,78890
2020-06-29,94.16000366210938,94.70999908447266,93.91000366210938,94.56999969482422,94.56999969482422,55736
2020-06-29,94.55709838867188,94.95999908447266,94.0199966430664,94.88999938964844,94.88999938964844,67777
2020-06-29,94.91500091552734,95.06999969482422,94.62999725341797,94.94000244140625,94.94000244140625,46579
2020-06-29,94.98999786376953,95.08999633789062,94.19000244140625,94.23999786376953,94.23999786376953,54380
2020-06-29,94.25,94.45999908447266,93.83999633789062,94.23999786376953,94.23999786376953,62872
2020-06-29,94.23999786376953,94.68000030517578,93.91999816894531,94.68000030517578,94.68000030517578,106464
2020-06-30,94.05999755859375,95.01000213623047,93.88999938964844,94.83999633789062,94.83999633789062,43193
2020-06-30,94.87000274658203,95.75,94.63999938964844,95.68000030517578,95.68000030517578,51459
2020-06-30,95.68000030517578,95.94999694824219,95.13999938964844,95.91000366210938,95.91000366210938,50294
2020-06-30,95.87000274658203,96.11000061035156,95.5,95.76499938964844,95.76499938964844,71016
2020-06-30,95.75,96.1500015258789,95.51000213623047,96.11000061035156,96.11000061035156,54247
2020-06-30,96.12000274658203,96.37000274658203,95.9000015258789,96.29000091552734,96.29000091552734,85945
2020-06-30,96.27999877929688,97.29000091552734,96.2699966430664,96.56999969482422,96.56999969482422,241249
2020-07-01,96.87000274658203,97.11000061035156,95.93000030517578,96.0199966430664,96.0199966430664,44306
2020-07-01,96.11000061035156,96.25,94.76499938964844,94.77999877929688,94.77999877929688,41548
2020-07-01,94.87000274658203,95.77999877929688,94.86000061035156,95.77999877929688,95.77999877929688,37555
2020-07-01,95.76000213623047,95.8499984741211,95.33000183105469,95.58000183105469,95.58000183105469,48703
2020-07-01,95.54000091552734,95.66000366210938,95.23999786376953,95.5,95.5,50163
2020-07-01,95.4749984741211,95.8499984741211,95.23999786376953,95.7699966430664,95.7699966430664,75312
2020-07-01,95.77690124511719,96.19000244140625,95.3499984741211,95.61000061035156,95.61000061035156,208687
2020-07-02,96.9800033569336,99.08000183105469,96.82499694824219,98.04499816894531,98.04499816894531,83341
2020-07-02,98.08999633789062,98.38999938964844,96.88099670410156,98.01000213623047,98.01000213623047,104414
2020-07-02,97.9800033569336,98.20999908447266,97.66999816894531,97.9000015258789,97.9000015258789,68316
2020-07-02,97.88999938964844,97.93000030517578,97.62000274658203,97.7699966430664,97.7699966430664,49577
2020-07-02,97.79499816894531,98.48999786376953,97.79499816894531,98.38500213623047,98.38500213623047,77157
2020-07-02,98.41000366210938,98.55000305175781,97.9000015258789,97.94000244140625,97.94000244140625,110565
2020-07-02,97.91999816894531,98.04000091552734,97.16000366210938,97.36000061035156,97.36000061035156,202012
2020-07-06,99.2300033569336,99.76000213623047,97.80999755859375,97.97000122070312,97.97000122070312,61055
2020-07-06,97.91999816894531,98.56999969482422,97.9000015258789,98.44000244140625,98.44000244140625,52979
2020-07-06,98.47000122070312,98.6050033569336,98.08000183105469,98.33999633789062,98.33999633789062,37661
2020-07-06,98.33000183105469,98.37000274658203,98.05000305175781,98.37000274658203,98.37000274658203,46091
2020-07-06,98.37999725341797,98.62000274658203,98.2699966430664,98.37000274658203,98.37000274658203,38379
2020-07-06,98.3499984741211,98.43000030517578,98.01000213623047,98.2300033569336,98.2300033569336,55946
2020-07-06,98.22000122070312,98.72000122070312,98.01000213623047,98.52999877929688,98.52999877929688,136039
2020-07-07,97.66999816894531,98.04000091552734,97.2699966430664,97.56500244140625,97.56500244140625,114994
2020-07-07,97.56500244140625,97.56500244140625,96.75,97.30999755859375,97.30999755859375,55268
2020-07-07,97.2699966430664,97.80000305175781,97.0,97.75,97.75,69634
2020-07-07,97.69000244140625,97.9800033569336,97.38999938964844,97.97000122070312,97.97000122070312,60711
2020-07-07,97.94000244140625,98.1449966430664,97.52999877929688,97.52999877929688,97.52999877929688,64897
2020-07-07,97.54499816894531,97.54499816894531,96.93000030517578,96.94999694824219,96.94999694824219,84797
2020-07-07,96.95999908447266,97.05000305175781,96.5999984741211,96.8499984741211,96.8499984741211,162125
2020-07-08,96.97000122070312,97.43000030517578,96.66000366210938,96.66000366210938,96.66000366210938,66663
2020-07-08,96.70999908447266,97.02999877929688,96.25,96.44000244140625,96.44000244140625,121958
2020-07-08,96.49500274658203,96.77459716796875,96.34500122070312,96.69499969482422,96.69499969482422,39595
2020-07-08,96.73999786376953,96.83000183105469,96.08000183105469,96.13999938964844,96.13999938964844,31500
2020-07-08,96.16000366210938,96.4198989868164,96.05999755859375,96.23999786376953,96.23999786376953,50800
2020-07-08,96.20999908447266,96.9800033569336,95.8499984741211,96.75,96.75,65974
2020-07-08,96.80999755859375,97.02999877929688,96.61250305175781,96.91000366210938,96.91000366210938,131964
2020-07-09,97.02999877929688,97.02999877929688,95.44000244140625,95.77999877929688,95.77999877929688,45064
2020-07-09,95.79000091552734,95.8499984741211,94.37000274658203,94.68000030517578,94.68000030517578,68595
2020-07-09,94.6500015258789,95.56999969482422,94.19999694824219,95.12000274658203,95.12000274658203,55429
2020-07-09,95.12000274658203,95.60590362548828,95.02999877929688,95.48999786376953,95.48999786376953,42941
2020-07-09,95.5199966430664,96.11499786376953,95.12000274658203,95.91999816894531,95.91999816894531,53128
2020-07-09,95.93499755859375,95.97000122070312,95.05000305175781,95.08999633789062,95.08999633789062,67016
2020-07-09,95.05999755859375,95.16000366210938,94.6500015258789,94.8499984741211,94.8499984741211,150516
2020-07-10,95.13999938964844,95.66999816894531,94.3550033569336,94.73999786376953,94.73999786376953,43882
2020-07-10,94.81999969482422,95.48999786376953,94.79000091552734,95.08000183105469,95.08000183105469,37930
2020-07-10,95.0999984741211,95.48999786376953,94.92500305175781,95.0199966430664,95.0199966430664,38625
2020-07-10,95.0,95.37999725341797,94.83000183105469,94.8499984741211,94.8499984741211,54041
2020-07-10,94.91000366210938,95.30000305175781,94.83999633789062,94.87999725341797,94.87999725341797,48523
2020-07-10,94.9000015258789,95.25,94.80000305175781,95.19000244140625,95.19000244140625,74398
2020-07-10,95.20999908447266,95.43000030517578,95.12000274658203,95.12999725341797,95.12999725341797,122017
2020-07-13,96.45999908447266,96.7300033569336,95.70999908447266,96.72000122070312,96.72000122070312,63934
2020-07-13,96.69499969482422,97.13999938964844,96.05000305175781,96.86000061035156,96.86000061035156,64115
2020-07-13,96.86000061035156,97.22000122070312,96.55000305175781,97.18000030517578,97.18000030517578,65208
2020-07-13,97.17500305175781,98.11000061035156,97.08000183105469,97.99500274658203,97.99500274658203,69841
2020-07-13,98.0199966430664,98.31999969482422,97.87999725341797,98.02999877929688,98.02999877929688,81193
2020-07-13,98.05000305175781,98.05000305175781,97.20999908447266,97.20999908447266,97.20999908447266,140250
2020-07-13,97.19000244140625,97.2699966430664,96.4000015258789,96.55999755859375,96.55999755859375,182701
2020-07-14,96.5199966430664,97.45999908447266,95.87999725341797,97.45999908447266,97.45999908447266,207446
2020-07-14,97.5,98.41999816894531,97.38860321044922,97.83499908447266,97.83499908447266,120278
2020-07-14,97.875,98.23999786376953,97.58999633789062,97.66999816894531,97.66999816894531,105434
2020-07-14,97.72000122070312,97.83999633789062,97.2699966430664,97.30000305175781,97.30000305175781,64505
2020-07-14,97.30999755859375,98.08999633789062,97.27999877929688,97.83000183105469,97.83000183105469,135728
2020-07-14,97.83999633789062,98.25,97.62000274658203,98.18000030517578,98.18000030517578,117337
2020-07-14,98.20999908447266,98.7300033569336,98.11000061035156,98.62000274658203,98.62000274658203,241006
2020-07-15,100.44999694824219,100.87000274658203,99.05999755859375,100.08499908447266,100.08499908447266,100288
2020-07-15,100.20999908447266,100.8499984741211,100.1500015258789,100.63999938964844,100.63999938964844,74940
2020-07-15,100.58000183105469,100.87999725341797,100.2300033569336,100.8499984741211,100.8499984741211,77064
2020-07-15,100.81500244140625,101.83000183105469,100.6500015258789,101.5,101.5,218679
2020-07-15,101.48500061035156,101.93000030517578,101.48500061035156,101.66000366210938,101.66000366210938,64242
2020-07-15,101.69000244140625,101.9000015258789,101.33999633789062,101.86000061035156,101.86000061035156,100539
2020-07-15,101.91000366210938,102.5,101.81999969482422,102.20999908447266,102.20999908447266,263471
2020-07-16,101.72000122070312,103.47000122070312,101.30999755859375,103.20999908447266,103.20999908447266,99014
2020-07-16,103.18000030517578,103.23999786376953,102.88999938964844,103.02999877929688,103.02999877929688,68715
2020-07-16,103.0,103.0199966430664,102.11000061035156,102.41999816894531,102.41999816894531,86900
2020-07-16,102.44000244140625,102.5,101.93000030517578,102.30000305175781,102.30000305175781,54960
2020-07-16,102.2699966430664,102.29000091552734,101.83999633789062,102.02999877929688,102.02999877929688,48125
2020-07-16,102.04000091552734,102.08999633789062,101.29000091552734,102.08999633789062,102.08999633789062,72374
2020-07-16,102.1500015258789,102.47000122070312,101.97000122070312,102.36000061035156,102.36000061035156,169591
2020-07-17,103.91999816894531,104.56999969482422,102.98999786376953,103.0999984741211,103.0999984741211,130991
2020-07-17,103.11000061035156,103.93000030517578,103.01000213623047,103.52999877929688,103.52999877929688,79340
2020-07-17,103.53500366210938,103.95999908447266,103.48999786376953,103.86499786376953,103.86499786376953,50270
2020-07-17,103.83499908447266,103.93000030517578,103.54000091552734,103.8499984741211,103.8499984741211,88907
2020-07-17,103.78009796142578,103.93000030517578,103.54000091552734,103.71499633789062,103.71499633789062,59803
2020-07-17,103.72000122070312,103.94999694824219,103.58999633789062,103.94999694824219,103.94999694824219,91622
2020-07-17,103.93000030517578,104.16999816894531,103.55999755859375,103.58000183105469,103.58000183105469,205499
2020-07-20,102.79000091552734,103.97000122070312,101.91000366210938,102.22000122070312,102.22000122070312,88417
2020-07-20,102.36499786376953,102.75,102.19000244140625,102.38999938964844,102.38999938964844,105805
2020-07-20,102.37999725341797,102.66999816894531,102.31510162353516,102.51499938964844,102.51499938964844,81474
2020-07-20,102.55000305175781,102.75499725341797,102.30999755859375,102.47000122070312,102.47000122070312,43360
2020-07-20,102.47000122070312,102.94000244140625,102.44999694824219,102.63999938964844,102.63999938964844,47783
2020-07-20,102.66999816894531,102.97000122070312,102.47000122070312,102.96499633789062,102.96499633789062,54421
2020-07-20,102.94999694824219,103.0199966430664,102.5,102.5,102.5,161090
2020-07-21,103.47000122070312,104.19999694824219,102.72000122070312,102.93499755859375,102.93499755859375,171839
2020-07-21,103.0199966430664,104.16500091552734,103.0199966430664,103.94999694824219,103.94999694824219,144491
2020-07-21,103.96790313720703,104.46499633789062,103.7300033569336,104.0999984741211,104.0999984741211,69436
2020-07-21,104.11499786376953,104.27999877929688,103.5999984741211,103.66000366210938,103.66000366210938,80290
2020-07-21,103.66000366210938,103.9800033569336,103.44000244140625,103.55500030517578,103.55500030517578,57504
2020-07-21,103.543701171875,103.66000366210938,103.12000274658203,103.25,103.25,127097
2020-07-21,103.29000091552734,103.52999877929688,103.06999969482422,103.48999786376953,103.48999786376953,210438
2020-07-22,104.55000305175781,107.98989868164062,104.25,105.36499786376953,105.36499786376953,252834
2020-07-22,105.27999877929688,105.5,104.04000091552734,104.5199966430664,104.5199966430664,229740
2020-07-22,104.4800033569336,105.20500183105469,104.37999725341797,104.95999908447266,104.95999908447266,88475
2020-07-22,104.91500091552734,105.22000122070312,104.69000244140625,104.70999908447266,104.70999908447266,69696
2020-07-22,104.69000244140625,104.98999786376953,104.05999755859375,104.45999908447266,104.45999908447266,117329
2020-07-22,104.5,105.375,104.30999755859375,105.375,105.375,142090
2020-07-22,105.33000183105469,105.61000061035156,104.9000015258789,105.16000366210938,105.16000366210938,280432
2020-07-23,105.4000015258789,105.9800033569336,104.5199966430664,105.87999725341797,105.87999725341797,94090
2020-07-23,105.87999725341797,106.75,105.5,106.69999694824219,106.69999694824219,90270
2020-07-23,106.70999908447266,106.83499908447266,106.30999755859375,106.48519897460938,106.48519897460938,57434
2020-07-23,106.45999908447266,106.56999969482422,105.6969985961914,105.73999786376953,105.73999786376953,66534
2020-07-23,105.72000122070312,105.79000091552734,105.04499816894531,105.625,105.625,85643
2020-07-23,105.62999725341797,106.1449966430664,105.4000015258789,105.9000015258789,105.9000015258789,100693
2020-07-23,105.69000244140625,106.02999877929688,105.44999694824219,105.72000122070312,105.72000122070312,126726
2020-07-24,105.81999969482422,106.1500015258789,105.05500030517578,105.69999694824219,105.69999694824219,103254
2020-07-24,105.75,106.1500015258789,105.31500244140625,105.3550033569336,105.3550033569336,62393
2020-07-24,105.3550033569336,106.12999725341797,105.19499969482422,105.81999969482422,105.81999969482422,147852
2020-07-24,105.79000091552734,106.0999984741211,105.72000122070312,105.9000015258789,105.9000015258789,92987
2020-07-24,105.9000015258789,106.1500015258789,105.72000122070312,106.12000274658203,106.12000274658203,149008
2020-07-24,106.12000274658203,106.18000030517578,105.31999969482422,105.43000030517578,105.43000030517578,125233
2020-07-24,105.41999816894531,105.61000061035156,105.22000122070312,105.55000305175781,105.55000305175781,286290
2020-07-27,105.19999694824219,106.18000030517578,104.81500244140625,106.08000183105469,106.08000183105469,82338
2020-07-27,106.0199966430664,106.0199966430664,105.56500244140625,105.7300033569336,105.7300033569336,41680
2020-07-27,105.80000305175781,105.90499877929688,105.53500366210938,105.86000061035156,105.86000061035156,37488
2020-07-27,105.9000015258789,105.98300170898438,105.7300033569336,105.73999786376953,105.73999786376953,37194
2020-07-27,105.73999786376953,106.0199966430664,105.69999694824219,105.84500122070312,105.84500122070312,51351
2020-07-27,105.86000061035156,105.9749984741211,105.75,105.91999816894531,105.91999816894531,91315
2020-07-27,105.9000015258789,106.43000030517578,105.87999725341797,106.16999816894531,106.16999816894531,186076
2020-07-28,105.6500015258789,106.0999984741211,104.73999786376953,105.3499984741211,105.3499984741211,71524
2020-07-28,105.2300033569336,105.36000061035156,104.70999908447266,105.33999633789062,105.33999633789062,68271
2020-07-28,105.33000183105469,105.6500015258789,105.0199966430664,105.11000061035156,105.11000061035156,72577
2020-07-28,105.12000274658203,105.37000274658203,105.08000183105469,105.29000091552734,105.29000091552734,51784
2020-07-28,105.37999725341797,105.76000213623047,105.3499984741211,105.56999969482422,105.56999969482422,49485
2020-07-28,105.56999969482422,105.58999633789062,105.16999816894531,105.16999816894531,105.16999816894531,89179
2020-07-28,105.18499755859375,105.32499694824219,104.58999633789062,104.69000244140625,104.69000244140625,152461
2020-07-29,105.37999725341797,106.44999694824219,105.19000244140625,106.26000213623047,106.26000213623047,55614
2020-07-29,106.36000061035156,106.55000305175781,105.94000244140625,106.55000305175781,106.55000305175781,50166
2020-07-29,106.52999877929688,106.62000274658203,106.12999725341797,106.32499694824219,106.32499694824219,50846
2020-07-29,106.29000091552734,106.55000305175781,106.16000366210938,106.43000030517578,106.43000030517578,42457
2020-07-29,106.47209930419922,106.58999633789062,106.26000213623047,106.55999755859375,106.55999755859375,52006
2020-07-29,106.56999969482422,106.9800033569336,106.2300033569336,106.83999633789062,106.83999633789062,115297
2020-07-29,106.81999969482422,107.13999938964844,106.69000244140625,106.87999725341797,106.87999725341797,184886
2020-07-30,105.4800033569336,105.5,103.72000122070312,104.11499786376953,104.11499786376953,66695
2020-07-30,104.1500015258789,105.04000091552734,103.83999633789062,104.7925033569336,104.7925033569336,76853
2020-07-30,104.61000061035156,104.91999816894531,104.26000213623047,104.72000122070312,104.72000122070312,55707
2020-07-30,104.80500030517578,104.83999633789062,104.4530029296875,104.4530029296875,104.4530029296875,42079
2020-07-30,104.38999938964844,104.52999877929688,104.2699966430664,104.33000183105469,104.33000183105469,37235
2020-07-30,104.37999725341797,104.7699966430664,104.3499984741211,104.68000030517578,104.68000030517578,48762
2020-07-30,104.68000030517578,104.73999786376953,104.37000274658203,104.56999969482422,104.56999969482422,130643
2020-07-31,103.7300033569336,104.05999755859375,102.4000015258789,102.47000122070312,102.47000122070312,90092
2020-07-31,102.37999725341797,102.91000366210938,101.88999938964844,102.83999633789062,102.83999633789062,119422
2020-07-31,102.83000183105469,102.83000183105469,101.75499725341797,101.97000122070312,101.97000122070312,71477
2020-07-31,101.97000122070312,102.23999786376953,101.54000091552734,102.22000122070312,102.22000122070312,63583
2020-07-31,102.25,102.28500366210938,101.55000305175781,101.8499984741211,101.8499984741211,124499
2020-07-31,101.8499984741211,102.51000213623047,101.8499984741211,102.36000061035156,102.36000061035156,191763
2020-07-31,102.37999725341797,102.97000122070312,102.16000366210938,102.9000015258789,102.9000015258789,364770
2020-08-03,103.33999633789062,104.12999725341797,102.70999908447266,103.62999725341797,103.62999725341797,105337
2020-08-03,103.58999633789062,103.83000183105469,103.08000183105469,103.7699966430664,103.7699966430664,127672
2020-08-03,103.8499984741211,104.38999938964844,103.7699966430664,103.80000305175781,103.80000305175781,53565
2020-08-03,103.79000091552734,103.86000061035156,103.31999969482422,103.61000061035156,103.61000061035156,67688
2020-08-03,103.61499786376953,103.75,103.27999877929688,103.58000183105469,103.58000183105469,66486
2020-08-03,103.55999755859375,103.76000213623047,103.3499984741211,103.44999694824219,103.44999694824219,79783
2020-08-03,103.44999694824219,103.56999969482422,102.91999816894531,103.13999938964844,103.13999938964844,168649
2020-08-04,102.62999725341797,103.6500015258789,102.55000305175781,102.69000244140625,102.69000244140625,58498
2020-08-04,102.74500274658203,103.4000015258789,102.4800033569336,103.23999786376953,103.23999786376953,55704
2020-08-04,103.23999786376953,103.27999877929688,102.58999633789062,102.63999938964844,102.63999938964844,107562
2020-08-04,102.6449966430664,103.05000305175781,102.5199966430664,102.9800033569336,102.9800033569336,78714
2020-08-04,102.93000030517578,103.0199966430664,102.7750015258789,102.8550033569336,102.8550033569336,49026
2020-08-04,102.86430358886719,103.08999633789062,102.77999877929688,103.08000183105469,103.08000183105469,99191
2020-08-04,103.06500244140625,103.44000244140625,102.98999786376953,103.33000183105469,103.33000183105469,159327
2020-08-05,104.13999938964844,105.2699966430664,103.97000122070312,104.37000274658203,104.37000274658203,148467
2020-08-05,104.36000061035156,105.38999938964844,104.36000061035156,105.19999694824219,105.19999694824219,66795
2020-08-05,105.2249984741211,105.47000122070312,104.5999984741211,104.72000122070312,104.72000122070312,62955
2020-08-05,104.75,105.0,104.62999725341797,104.94499969482422,104.94499969482422,38778
2020-08-05,104.91999816894531,105.12000274658203,104.70999908447266,105.12000274658203,105.12000274658203,39867
2020-08-05,105.19609832763672,105.19999694824219,104.66000366210938,104.76000213623047,104.76000213623047,66728
2020-08-05,104.79000091552734,104.94000244140625,104.61000061035156,104.69999694824219,104.69999694824219,127482
2020-08-06,104.55999755859375,105.1500015258789,104.38999938964844,104.79740142822266,104.79740142822266,31276
2020-08-06,104.87999725341797,105.0,104.05500030517578,104.36499786376953,104.36499786376953,35551
2020-08-06,104.27999877929688,104.63999938964844,104.05000305175781,104.63500213623047,104.63500213623047,48317
2020-08-06,104.66999816894531,104.9800033569336,104.62999725341797,104.80500030517578,104.80500030517578,47267
2020-08-06,104.78500366210938,104.94000244140625,104.66500091552734,104.80999755859375,104.80999755859375,33837
2020-08-06,104.80999755859375,105.19000244140625,104.7300033569336,105.12999725341797,105.12999725341797,47841
2020-08-06,105.13999938964844,105.29000091552734,104.94999694824219,105.2699966430664,105.2699966430664,119917
2020-08-07,105.37999725341797,106.47000122070312,105.37999725341797,106.33000183105469,106.33000183105469,71275
2020-08-07,106.38500213623047,106.51499938964844,106.02999877929688,106.18000030517578,106.18000030517578,49381
2020-08-07,106.16000366210938,107.19000244140625,106.12999725341797,106.83999633789062,106.83999633789062,210165
2020-08-07,106.88500213623047,107.45999908447266,106.69999694824219,107.43000030517578,107.43000030517578,78110
2020-08-07,107.4000015258789,107.73999786376953,107.20999908447266,107.2300033569336,107.2300033569336,84738
2020-08-07,107.19000244140625,107.6500015258789,107.0999984741211,107.61000061035156,107.61000061035156,108770
2020-08-07,107.62999725341797,108.0999984741211,107.37999725341797,108.0999984741211,108.0999984741211,196546
2020-08-10,108.36000061035156,109.66000366210938,108.36000061035156,109.66000366210938,109.66000366210938,95388
2020-08-10,109.77999877929688,110.29070281982422,109.58999633789062,109.97000122070312,109.97000122070312,61321
2020-08-10,110.0,110.63999938964844,109.96499633789062,110.51000213623047,110.51000213623047,84139
2020-08-10,110.4800033569336,110.76000213623047,110.19999694824219,110.41000366210938,110.41000366210938,81824
2020-08-10,110.41000366210938,110.94000244140625,110.38999938964844,110.91999816894531,110.91999816894531,90530
2020-08-10,110.91999816894531,110.93000030517578,110.63999938964844,110.68000030517578,110.68000030517578,105111
2020-08-10,110.68000030517578,110.79000091552734,110.41000366210938,110.5,110.5,198691
2020-08-11,111.0,113.31999969482422,111.0,112.3499984741211,112.3499984741211,165303
2020-08-11,112.33499908447266,113.19499969482422,112.20999908447266,112.9800033569336,112.9800033569336,106367
2020-08-11,112.9800033569336,113.06999969482422,112.18000030517578,112.43000030517578,112.43000030517578,67879
2020-08-11,112.43000030517578,113.03500366210938,112.05999755859375,112.91000366210938,112.91000366210938,85342
2020-08-11,112.91999816894531,113.16169738769531,112.7699966430664,112.83000183105469,112.83000183105469,62392
2020-08-11,112.83000183105469,112.93000030517578,111.87999725341797,112.36000061035156,112.36000061035156,90885
2020-08-11,112.37999725341797,112.58000183105469,112.06999969482422,112.43000030517578,112.43000030517578,262130
2020-08-12,112.94999694824219,113.22000122070312,111.8550033569336,112.8499984741211,112.8499984741211,79298
2020-08-12,112.82499694824219,113.0199966430664,112.48999786376953,112.61000061035156,112.61000061035156,68563
2020-08-12,112.61000061035156,112.79959869384766,112.2699966430664,112.69000244140625,112.69000244140625,61836
2020-08-12,112.66500091552734,112.76000213623047,111.9800033569336,112.05999755859375,112.05999755859375,52332
2020-08-12,112.08000183105469,112.52999877929688,111.94000244140625,111.9800033569336,111.9800033569336,98976
2020-08-12,112.0199966430664,112.61000061035156,112.0,112.55000305175781,112.55000305175781,64828
2020-08-12,112.55000305175781,113.0999984741211,112.29499816894531,112.5199966430664,112.5199966430664,131101
2020-08-13,111.80999755859375,112.23999786376953,111.18000030517578,111.70999908447266,111.70999908447266,51425
2020-08-13,111.66500091552734,112.0,111.3499984741211,111.76000213623047,111.76000213623047,38698
2020-08-13,111.83000183105469,112.25,111.6500015258789,112.12000274658203,112.12000274658203,34333
2020-08-13,112.16999816894531,112.54000091552734,112.16000366210938,112.37000274658203,112.37000274658203,43417
2020-08-13,112.4000015258789,112.46690368652344,111.62999725341797,111.83999633789062,111.83999633789062,65553
2020-08-13,111.8499984741211,112.1500015258789,111.43000030517578,111.80999755859375,111.80999755859375,63412
2020-08-13,111.80999755859375,112.18000030517578,111.72000122070312,112.08999633789062,112.08999633789062,171474
2020-08-14,111.44000244140625,112.30999755859375,111.12999725341797,112.08999633789062,112.08999633789062,41752
2020-08-14,112.12999725341797,112.41999816894531,111.95999908447266,112.22000122070312,112.22000122070312,39862
2020-08-14,112.29499816894531,112.61000061035156,112.16000366210938,112.23999786376953,112.23999786376953,44117
2020-08-14,112.2300033569336,112.23999786376953,111.91999816894531,112.06999969482422,112.06999969482422,46430
2020-08-14,112.08999633789062,112.26000213623047,111.94499969482422,111.94999694824219,111.94999694824219,41796
2020-08-14,111.91000366210938,111.97000122070312,111.30000305175781,111.4000015258789,111.4000015258789,52626
2020-08-14,111.38999938964844,111.61000061035156,110.83000183105469,111.52999877929688,111.52999877929688,173186
